1.00E-05	78.2027
1.10E-05	74.494
1.22E-05	70.9695
1.34E-05	67.6063
1.48E-05	64.4099
1.63E-05	61.3602
1.79E-05	58.4618
1.98E-05	55.6964
2.18E-05	53.0685
2.40E-05	50.5613
2.65E-05	48.179
2.92E-05	45.9063
3.22E-05	43.7468
3.55E-05	41.6869
3.91E-05	39.7299
4.31E-05	37.8632
4.75E-05	36.09
5.24E-05	34.3989
5.77E-05	32.7927
6.36E-05	31.261
7.01E-05	29.8065
7.73E-05	28.4199
8.52E-05	27.1033
9.39E-05	25.8484
0.000103539	24.6572
0.000114141	23.5221
0.000125804	22.445
0.000139464	21.3617
0.000153715	20.3912
0.000169455	19.4672
0.000186771	18.591
0.000205895	17.7572
0.000226935	16.967
0.000250172	16.2154
0.000275735	15.5035
0.00030397	14.8269
0.000335031	14.1866
0.000369337	13.5785
0.000407077	13.0036
0.00044876	12.4582
0.000494616	11.943
0.000545264	11.4548
0.000600981	10.9943
0.000662519	10.5586
0.000730218	10.1482
0.000816189	9.70744
0.000912282	9.29584
0.00101411	8.93029
0.0011335	8.57158
0.00126695	8.23805
0.00141612	7.92844
0.00158284	7.64157
0.00176919	7.37628
0.00197749	7.13144
0.00224106	6.87929
0.00254024	6.64976
0.00287881	6.44208
0.00326314	6.25418
0.00375024	6.06738
0.00431005	5.90168
0.00502233	5.74167
0.00587423	5.59936
0.00694158	5.469
0.0083186	5.3493
0.0101075	5.24187
0.0124519	5.14739
0.0157759	5.0612
0.0205474	4.98599
0.025133	4.94059
0.0253	4.93925
0.0353293	4.88216
0.0527352	4.83499
0.0867663	4.79735
0.167343	4.76959
0.468528	4.75077
4.48442	4.74119
32097.2	4.62675
135554	4.30147
145000	4.28384
147812	4.29605
148750	4.30715
150000	4.34028
151000	4.39399
152000	4.47616
152900	4.51949
153950	4.4575
155000	4.3734
156000	4.32128
158000	4.27116
161250	4.23936
172398	4.19553
268036	3.93789
364953	3.70007
469225	3.46879
565519	3.27452
684523	3.05645
811287	2.84864
938050	2.66236
1.07E+06	2.49078
1.19E+06	2.34338
1.32E+06	2.20675
1.45E+06	2.08327
1.60E+06	1.94952
1.72E+06	1.8504
1.73E+06	1.85014
1.74E+06	1.86239
1.75E+06	1.84085
1.76E+06	1.82802
1.98E+06	1.68549
2.01E+06	1.66474
2.03E+06	1.65914
2.05E+06	1.68437
2.05E+06	1.7021
2.06E+06	1.72796
2.06E+06	1.7544
2.06E+06	1.79201
2.06E+06	1.83159
2.06E+06	1.86514
2.06E+06	1.88392
2.06E+06	1.92982
2.07E+06	1.98736
2.07E+06	2.06025
2.07E+06	2.15354
2.07E+06	2.27502
2.07E+06	2.43477
2.07E+06	2.64761
2.07E+06	2.8585
2.07E+06	2.93335
2.07E+06	3.21658
2.07E+06	3.31679
2.07E+06	3.69126
2.07E+06	3.82239
2.07E+06	4.29273
2.07E+06	4.45379
2.08E+06	5.15292
2.08E+06	5.68882
2.08E+06	5.75393
2.08E+06	5.83563
2.08E+06	6.01979
2.08E+06	6.02668
2.08E+06	6.01095
2.08E+06	5.89203
2.08E+06	5.85961
2.08E+06	5.74708
2.08E+06	5.36873
2.08E+06	4.76692
2.08E+06	4.20248
2.08E+06	3.73188
2.08E+06	3.35897
2.08E+06	3.0682
2.09E+06	2.84171
2.09E+06	2.66396
2.09E+06	2.52282
2.09E+06	2.40929
2.09E+06	2.31719
2.09E+06	2.24117
2.09E+06	2.17797
2.09E+06	2.12479
2.09E+06	2.06004
2.10E+06	2.00752
2.10E+06	1.95302
2.10E+06	1.91059
2.10E+06	1.86253
2.10E+06	1.8377
2.11E+06	1.79969
2.11E+06	1.77216
2.12E+06	1.73474
2.14E+06	1.68633
2.16E+06	1.66111
2.18E+06	1.6445
2.22E+06	1.6219
2.28E+06	1.6004
2.34E+06	1.5878
2.40E+06	1.5829
2.46E+06	1.5866
2.52E+06	1.6004
2.56E+06	1.6165
2.60E+06	1.6395
2.64E+06	1.6709
2.68E+06	1.7132
2.71E+06	1.75489
2.74E+06	1.8059
2.76E+06	1.84781
2.79E+06	1.91202
2.80E+06	1.96116
2.81E+06	1.99044
2.81E+06	2.00732
2.81E+06	2.03963
2.81E+06	2.07333
2.81E+06	2.13229
2.81E+06	2.14521
2.81E+06	2.18704
2.81E+06	2.29398
2.81E+06	2.31801
2.81E+06	2.3561
2.81E+06	2.41368
2.81E+06	2.53639
2.81E+06	3.00648
2.81E+06	3.09523
2.81E+06	3.16656
2.81E+06	3.25227
2.81E+06	3.40672
2.81E+06	3.87691
2.81E+06	4.6491
2.81E+06	4.75659
2.81E+06	4.8419
2.81E+06	4.87987
2.81E+06	4.8886
2.82E+06	4.87401
2.82E+06	4.82751
2.82E+06	4.7551
2.82E+06	4.63251
2.82E+06	4.06694
2.82E+06	3.20992
2.82E+06	3.01277
2.82E+06	2.90172
2.82E+06	2.83413
2.82E+06	2.78069
2.82E+06	2.7278
2.82E+06	2.6714
2.82E+06	2.35278
2.82E+06	2.30503
2.82E+06	2.27562
2.82E+06	2.19157
2.82E+06	2.16241
2.82E+06	2.13394
2.82E+06	2.11018
2.82E+06	2.08692
2.82E+06	2.07
2.82E+06	2.06743
2.83E+06	2.08144
2.84E+06	2.10294
2.85E+06	2.15223
2.86E+06	2.21023
2.87E+06	2.27744
2.88E+06	2.35555
2.89E+06	2.44706
2.90E+06	2.55487
2.91E+06	2.68188
2.92E+06	2.82966
2.93E+06	3.10659
2.94E+06	3.16315
2.94E+06	3.20676
2.94E+06	3.22934
2.95E+06	3.22072
2.95E+06	3.17011
2.96E+06	3.06797
2.96E+06	2.91002
2.96E+06	2.70088
2.97E+06	2.45553
2.97E+06	2.13344
2.98E+06	1.9461
2.98E+06	1.72392
2.98E+06	1.53995
2.99E+06	1.39662
2.99E+06	1.29115
3.00E+06	1.21788
3.00E+06	1.17074
3.01E+06	1.12977
3.02E+06	1.15041
3.03E+06	1.19764
3.06E+06	1.37248
3.08E+06	1.48247
3.10E+06	1.58257
3.12E+06	1.67438
3.15E+06	1.80013
3.18E+06	1.91538
3.20E+06	1.99037
3.24E+06	2.12847
3.28E+06	2.25486
3.32E+06	2.36776
3.36E+06	2.46436
3.39E+06	2.52388
3.42E+06	2.57287
3.45E+06	2.60828
3.48E+06	2.63237
3.51E+06	2.64258
3.52E+06	2.64416
3.56E+06	2.63526
3.60E+06	2.60806
3.64E+06	2.56536
3.70E+06	2.47947
3.76E+06	2.37617
3.94E+06	2.03669
4.00E+06	1.93209
4.04E+06	1.8714
4.07E+06	1.835
4.09E+06	1.818
4.11E+06	1.8098
4.13E+06	1.81238
4.14E+06	1.82331
4.15E+06	1.83721
4.16E+06	1.85722
4.17E+06	1.88392
4.18E+06	1.91752
4.19E+06	1.95791
4.20E+06	2.0043
4.23E+06	2.15584
4.24E+06	2.19873
4.25E+06	2.23181
4.26E+06	2.25271
4.27E+06	2.26081
4.28E+06	2.25672
4.29E+06	2.24214
4.30E+06	2.21944
4.32E+06	2.15846
4.37E+06	1.9854
4.40E+06	1.8933
4.43E+06	1.81443
4.46E+06	1.7454
4.50E+06	1.6677
4.54E+06	1.60149
4.58E+06	1.54378
4.64E+06	1.46878
4.70E+06	1.40358
4.85E+06	1.26001
4.90E+06	1.22307
4.92E+06	1.23903
4.93E+06	1.34035
4.93E+06	1.34571
4.93E+06	1.35706
4.93E+06	1.37694
4.93E+06	1.41484
4.94E+06	1.66944
4.94E+06	1.70943
4.94E+06	1.74837
4.94E+06	1.91978
4.94E+06	1.94542
4.94E+06	1.96041
4.94E+06	1.96293
4.94E+06	1.94324
4.94E+06	1.93455
4.94E+06	1.91228
4.94E+06	1.7578
4.94E+06	1.7292
4.94E+06	1.61719
4.94E+06	1.42824
4.94E+06	1.4135
4.95E+06	1.27887
4.95E+06	1.23021
4.96E+06	1.20741
5.00E+06	1.12117
5.00E+06	1.1317
5.03E+06	1.11764
5.05E+06	1.11548
5.10E+06	1.09183
5.12E+06	1.04902
5.15E+06	1.06297
5.18E+06	1.04319
5.20E+06	1.02079
5.23E+06	1.00477
5.28E+06	0.96546
5.30E+06	0.957144
5.33E+06	0.933278
5.34E+06	0.962207
5.34E+06	0.923777
5.34E+06	0.930916
5.36E+06	1.45264
5.36E+06	1.46594
5.36E+06	1.49241
5.36E+06	1.67645
5.36E+06	1.69201
5.36E+06	1.70286
5.37E+06	1.82255
5.37E+06	1.86164
5.37E+06	1.84381
5.38E+06	1.63029
5.38E+06	1.55488
5.39E+06	1.33816
5.40E+06	1.20317
5.41E+06	1.13398
5.42E+06	1.09871
5.43E+06	1.07009
5.44E+06	1.0603
5.46E+06	1.01656
5.50E+06	0.990583
5.55E+06	0.972971
5.55E+06	0.981551
5.60E+06	0.958873
5.65E+06	0.941957
5.70E+06	0.920082
5.80E+06	0.90985
5.90E+06	0.885366
6.00E+06	0.875358
6.05E+06	0.872721
6.05E+06	0.876008
6.13E+06	0.890781
6.16E+06	0.914122
6.17E+06	0.938815
6.18E+06	0.947699
6.20E+06	0.980957
6.21E+06	1.02375
6.22E+06	1.03898
6.23E+06	1.0856
6.25E+06	1.23861
6.29E+06	2.10508
6.30E+06	2.37984
6.30E+06	2.26267
6.31E+06	2.01117
6.32E+06	1.5975
6.33E+06	1.36885
6.34E+06	1.19356
6.35E+06	1.14712
6.36E+06	1.22275
6.37E+06	1.06646
6.39E+06	0.889771
6.40E+06	0.872543
6.41E+06	0.84742
6.42E+06	0.825746
6.43E+06	0.841201
6.44E+06	0.827825
6.45E+06	0.833636
6.47E+06	0.828118
6.49E+06	0.830296
6.51E+06	0.804256
6.54E+06	0.705625
6.56E+06	0.611318
6.57E+06	0.530651
6.58E+06	0.50154
6.59E+06	0.505045
6.60E+06	0.514159
6.62E+06	0.576777
6.64E+06	0.592395
6.66E+06	0.718796
6.66E+06	0.735861
6.67E+06	0.682291
6.67E+06	0.670219
6.68E+06	0.66139
6.70E+06	0.65555
6.75E+06	0.649996
6.81E+06	0.645747
6.92E+06	0.606042
7.00E+06	0.573643
7.05E+06	0.572617
7.10E+06	0.569164
7.14E+06	0.582822
7.18E+06	0.602642
7.20E+06	0.639842
7.22E+06	0.672078
7.23E+06	0.676406
7.25E+06	0.746814
7.27E+06	0.822803
7.28E+06	0.884237
7.34E+06	1.3322
7.35E+06	1.42918
7.36E+06	1.42252
7.37E+06	1.46356
7.40E+06	1.4128
7.42E+06	1.39798
7.47E+06	1.37142
7.53E+06	1.37807
7.54E+06	1.36343
7.55E+06	1.35516
7.62E+06	1.32635
7.65E+06	1.33681
7.66E+06	1.37226
7.67E+06	1.39076
7.68E+06	1.41515
7.70E+06	1.52479
7.70E+06	1.53055
7.73E+06	1.79877
7.75E+06	1.98611
7.77E+06	1.84315
7.79E+06	1.68349
7.81E+06	1.58094
7.82E+06	1.58209
7.86E+06	1.52175
7.89E+06	1.49079
7.89E+06	1.47518
7.90E+06	1.47152
7.93E+06	1.43178
7.94E+06	1.41002
8.00E+06	1.35098
8.01E+06	1.35377
8.01E+06	1.30652
8.01E+06	1.3334
8.04E+06	1.29761
8.05E+06	1.33035
8.08E+06	1.32224
8.08E+06	1.31532
8.10E+06	1.31839
8.10E+06	1.33054
8.11E+06	1.31819
8.11E+06	1.30019
8.12E+06	1.28185
8.13E+06	1.2481
8.14E+06	1.23286
8.16E+06	1.1557
8.17E+06	1.11587
8.20E+06	0.972568
8.21E+06	0.948447
8.24E+06	0.920017
8.30E+06	0.858589
8.30E+06	0.855902
8.32E+06	0.849624
8.33E+06	0.836259
8.40E+06	0.796851
8.43E+06	0.799589
8.45E+06	0.784839
8.45E+06	0.771753
8.48E+06	0.776015
8.50E+06	0.755975
8.50E+06	0.750345
8.52E+06	0.757093
8.55E+06	0.73948
8.60E+06	0.755596
8.61E+06	0.756314
8.68E+06	0.746927
8.70E+06	0.745065
8.71E+06	0.737236
8.75E+06	0.718212
8.77E+06	0.716073
8.80E+06	0.706827
8.83E+06	0.688984
8.85E+06	0.67724
8.89E+06	0.66827
8.92E+06	0.638292
8.94E+06	0.63768
9.00E+06	0.630901
9.01E+06	0.644164
9.02E+06	0.64259
9.03E+06	0.65065
9.05E+06	0.653813
9.05E+06	0.669081
9.07E+06	0.668498
9.08E+06	0.685598
9.15E+06	0.723364
9.16E+06	0.736709
9.21E+06	0.732676
9.25E+06	0.724834
9.25E+06	0.733173
9.30E+06	0.716961
9.36E+06	0.699584
9.40E+06	0.68141
9.45E+06	0.671512
9.50E+06	0.669317
9.52E+06	0.669717
9.55E+06	0.66456
9.56E+06	0.668421
9.60E+06	0.671503
9.63E+06	0.680201
9.64E+06	0.687432
9.68E+06	0.684445
9.69E+06	0.68303
9.70E+06	0.685384
9.73E+06	0.670388
9.74E+06	0.676178
9.75E+06	0.669666
9.80E+06	0.684501
9.82E+06	0.683794
9.83E+06	0.686268
9.90E+06	0.671828
9.92E+06	0.674062
9.92E+06	0.667665
1.00E+07	0.65676
1.01E+07	0.643255
1.01E+07	0.637065
1.02E+07	0.642052
1.03E+07	0.628653
1.04E+07	0.635962
1.04E+07	0.643332
1.05E+07	0.665999
1.05E+07	0.671227
1.05E+07	0.678484
1.05E+07	0.678325
1.05E+07	0.688032
1.06E+07	0.684441
1.06E+07	0.693962
1.06E+07	0.708903
1.07E+07	0.731856
1.07E+07	0.733289
1.08E+07	0.765086
1.08E+07	0.790068
1.08E+07	0.808777
1.09E+07	0.847187
1.09E+07	0.859841
1.10E+07	0.832491
1.10E+07	0.826794
1.11E+07	0.837041
1.11E+07	0.833616
1.11E+07	0.838629
1.12E+07	0.856341
1.12E+07	0.846849
1.13E+07	0.841856
1.14E+07	0.841048
1.15E+07	0.832149
1.16E+07	0.818935
1.17E+07	0.805201
1.18E+07	0.819511
1.18E+07	0.815546
1.18E+07	0.823886
1.19E+07	0.853394
1.19E+07	0.870513
1.19E+07	0.866744
1.19E+07	0.878177
1.20E+07	0.864782
1.21E+07	0.874794
1.21E+07	0.878026
1.21E+07	0.874754
1.21E+07	0.875227
1.22E+07	0.836447
1.22E+07	0.828073
1.23E+07	0.823962
1.23E+07	0.810756
1.24E+07	0.800518
1.26E+07	0.826769
1.26E+07	0.829709
1.27E+07	0.846857
1.27E+07	0.849016
1.28E+07	0.866014
1.29E+07	0.878443
1.30E+07	0.902281
1.31E+07	0.895411
1.31E+07	0.894188
1.33E+07	0.883374
1.33E+07	0.873063
1.33E+07	0.874094
1.35E+07	0.863713
1.35E+07	0.868563
1.36E+07	0.867949
1.36E+07	0.868001
1.36E+07	0.854284
1.38E+07	0.839755
1.38E+07	0.819062
1.40E+07	0.800562
1.40E+07	0.778615
1.41E+07	0.785483
1.42E+07	0.791964
1.43E+07	0.798189
1.44E+07	0.790671
1.44E+07	0.786417
1.45E+07	0.803048
1.46E+07	0.816893
1.46E+07	0.817331
1.47E+07	0.843069
1.47E+07	0.857587
1.48E+07	0.862138
1.48E+07	0.860638
1.48E+07	0.866458
1.49E+07	0.875924
1.49E+07	0.877117
1.49E+07	0.882588
1.49E+07	0.885551
1.50E+07	0.88263
1.50E+07	0.886778
1.50E+07	0.881625
1.51E+07	0.901232
1.51E+07	0.906224
1.53E+07	0.923602
1.54E+07	0.937195
1.54E+07	0.950674
1.60E+07	0.99235
1.60E+07	0.997883
1.60E+07	0.995323
1.60E+07	1.00053
1.61E+07	0.983976
1.63E+07	0.951176
1.63E+07	0.922849
1.64E+07	0.920657
1.65E+07	0.915142
1.67E+07	0.888133
1.68E+07	0.87623
1.70E+07	0.865859
1.71E+07	0.867238
1.71E+07	0.868695
1.72E+07	0.854795
1.72E+07	0.846363
1.73E+07	0.842315
1.73E+07	0.853618
1.75E+07	0.843614
1.76E+07	0.853783
1.76E+07	0.857972
1.77E+07	0.860525
1.79E+07	0.877707
1.79E+07	0.879872
1.80E+07	0.889288
1.81E+07	0.901319
1.81E+07	0.895362
1.82E+07	0.907838
1.83E+07	0.900109
1.85E+07	0.895505
1.85E+07	0.906566
1.87E+07	0.926048
1.88E+07	0.930476
1.91E+07	0.947147
1.92E+07	0.952076
1.96E+07	0.957286
1.96E+07	0.955284
1.98E+07	0.962699
1.99E+07	0.96911
2.00E+07	0.982225
