0   -1.07606       10.0364
0.05   -0.573264       10.0727
0.1   -0.0691403       10.0883
0.15   0.435153       10.0793
0.2   0.938414       10.0479
0.25   1.4397       10.002
0.3   1.20303       9.95288
0.35   1.44213       9.90374
0.4   1.20551       9.8546
0.45   1.44457       9.80545
0.5   1.20799       9.75629
0.55   1.447       9.70714
0.6   1.21048       9.65797
0.65   1.44944       9.6088
0.7   1.21296       9.55962
0.75   1.45187       9.51045
0.8   1.21544       9.46126
0.85   1.45431       9.41207
0.9   1.21792       9.36288
0.95   1.45674       9.31368
1   1.22041       9.26448
1.05   1.45918       9.21527
1.1   1.22289       9.16605
1.15   1.46162       9.11684
1.2   1.22537       9.06761
1.25   1.46406       9.01839
1.3   1.22786       8.96916
1.35   1.4665       8.91992
1.4   1.23034       8.87068
1.45   1.46894       8.82144
1.5   1.23282       8.77218
1.55   1.47138       8.72293
1.6   1.23531       8.67367
1.65   1.47382       8.62441
1.7   1.23779       8.57514
1.75   1.47627       8.52587
1.8   1.24028       8.47659
1.85   1.47871       8.42731
1.9   1.24276       8.37803
1.95   1.48115       8.32874
2   1.24525       8.27944
2.05   1.4836       8.23015
2.1   1.24773       8.18084
2.15   1.48604       8.13154
2.2   1.25022       8.08223
2.25   1.48849       8.03291
2.3   1.2527       7.98359
2.35   1.49093       7.93427
2.4   1.25519       7.88494
2.45   1.49338       7.83561
2.5   1.25767       7.78628
2.55   1.49583       7.73694
2.6   1.26016       7.6876
2.65   1.49828       7.63825
2.7   1.26265       7.5889
2.75   1.50073       7.53955
2.8   1.26513       7.49018
2.85   1.50318       7.44082
2.9   1.26762       7.39146
2.95   1.50563       7.34209
3   1.2701       7.29271
3.05   1.50808       7.24334
3.1   1.27259       7.19395
3.15   1.51053       7.14457
3.2   1.27508       7.09518
3.25   1.51298       7.04579
3.3   1.27756       6.99639
3.35   1.51543       6.94699
3.4   1.28005       6.89759
3.45   1.51789       6.84818
3.5   1.28254       6.79877
3.55   1.52034       6.74936
3.6   1.28503       6.69994
3.65   1.5228       6.65052
3.7   1.28751       6.60109
3.75   1.52525       6.55167
3.8   1.29       6.50223
3.85   1.52771       6.4528
3.9   1.29249       6.40336
3.95   1.53016       6.35392
4   1.29498       6.30448
4.05   1.53262       6.25503
4.1   1.29746       6.20558
4.15   1.53508       6.15613
4.2   1.29995       6.10667
4.25   1.53754       6.05721
4.3   1.30244       6.00775
4.35   1.53999       5.95828
4.4   1.30493       5.90881
4.45   1.54245       5.85934
4.5   1.30742       5.80986
4.55   1.54491       5.76038
4.6   1.3099       5.7109
4.65   1.54737       5.66142
4.7   1.31239       5.61193
4.75   1.54983       5.56244
4.8   1.31488       5.51294
4.85   1.5523       5.46345
4.9   1.31737       5.41395
4.95   1.55476       5.36445
5   1.31986       5.31494
5.05   1.55722       5.26544
5.1   1.32235       5.21593
5.15   1.55968       5.16641
5.2   1.32483       5.1169
5.25   1.56215       5.06738
5.3   1.32732       5.01786
5.35   1.56461       4.96834
5.4   1.32981       4.91881
5.45   1.56707       4.86928
5.5   1.3323       4.81975
5.55   1.56954       4.77022
5.6   1.33479       4.72068
5.65   1.56959       4.67114
5.7   1.33969       4.62159
5.75   1.56954       4.57203
5.8   1.3447       4.52245
5.85   1.56959       4.47288
5.9   1.34961       4.42329
5.95   1.56954       4.37369
6   1.35462       4.32408
6.05   1.56959       4.27447
6.1   1.35953       4.22484
6.15   1.56953       4.17521
6.2   1.36454       4.12557
6.25   1.56958       4.07592
6.3   1.36946       4.02626
6.35   1.56953       3.97659
6.4   1.37448       3.92691
6.45   1.56958       3.87724
6.5   1.37939       3.82754
6.55   1.56953       3.77784
6.6   1.38441       3.72813
6.65   1.56958       3.67842
6.7   1.38934       3.6287
6.75   1.56953       3.57897
6.8   1.39436       3.52923
6.85   1.56958       3.47949
6.9   1.39928       3.42973
6.95   1.56953       3.37998
7   1.40431       3.33021
7.05   1.56958       3.28044
7.1   1.40924       3.23066
7.15   1.56953       3.18087
7.2   1.41427       3.13108
7.25   1.56958       3.08128
7.3   1.4192       3.03147
7.35   1.56953       2.98166
7.4   1.42423       2.93184
7.45   1.56958       2.88202
7.5   1.42916       2.83219
7.55   1.56953       2.78236
7.6   1.4342       2.73251
7.65   1.56958       2.68267
7.7   1.43913       2.63281
7.75   1.56953       2.58296
7.8   1.44417       2.53309
7.85   1.56958       2.48322
7.9   1.4491       2.43335
7.95   1.56953       2.38347
8   1.45414       2.33358
8.05   1.56958       2.2837
8.1   1.45908       2.2338
8.15   1.56952       2.1839
8.2   1.46412       2.134
8.25   1.56957       2.08409
8.3   1.46906       2.03418
8.35   1.56952       1.98427
8.4   1.4741       1.93434
8.45   1.56957       1.88442
8.5   1.47905       1.83449
8.55   1.56952       1.78456
8.6   1.48409       1.73462
8.65   1.56957       1.68469
8.7   1.48903       1.63474
8.75   1.56952       1.5848
8.8   1.49408       1.53485
8.85   1.56957       1.4849
8.9   1.49902       1.43494
8.95   1.56952       1.38498
9   1.50407       1.33502
9.05   1.56957       1.28506
9.1   1.50902       1.23509
9.15   1.56952       1.18512
9.2   1.51406       1.13515
9.25   1.56957       1.08517
9.3   1.51901       1.0352
9.35   1.56952       0.985219
9.4   1.52406       0.935237
9.45   1.56957       0.885255
9.5   1.52901       0.835269
9.55   1.56952       0.785284
9.6   1.53406       0.735295
9.65   1.56957       0.685307
9.7   1.53901       0.635315
9.75   1.56952       0.585324
9.8   1.54405       0.535329
9.85   1.56957       0.485336
9.9   1.549       0.435339
9.95   1.56952       0.385343
10   1.55405       0.335346
10.05   1.56957       0.285348
10.1   1.559       0.235349
10.15   1.56952       0.185351
10.2   1.56405       0.135351
10.25   1.56957       0.0853513
10.3   1.569       0.0353513
10.35   1.56952       -0.0146487
10.4   1.56754       -0.0646485
10.45   1.56306       -0.114648
10.5   1.55607       -0.164645
10.55   1.54659       -0.214635
10.6   1.53461       -0.264612
10.65   1.52013       -0.314565
10.7   1.50315       -0.364478
10.75   1.48368       -0.414328
10.8   1.46172       -0.464088
10.85   1.43728       -0.513721
10.9   1.41035       -0.563181
10.95   1.38096       -0.612417
11   1.34912       -0.661362
11.05   1.31483       -0.709943
11.1   1.27813       -0.758073
11.15   1.23904       -0.805656
11.2   1.19758       -0.852582
11.25   1.15379       -0.89873
11.3   1.10772       -0.943966
11.35   1.05941       -0.988148
11.4   1.00892       -1.03112
11.45   0.956322       -1.07272
11.5   0.901678       -1.11277
11.55   0.845074       -1.15109
11.6   0.7866       -1.18751
11.65   0.726358       -1.22183
11.7   0.664455       -1.25386
11.75   0.601013       -1.28343
11.8   0.536157       -1.31035
11.85   0.470024       -1.33446
11.9   0.40276       -1.35559
11.95   0.334517       -1.37361
12   0.265453       -1.38838
12.05   0.195734       -1.39981
12.1   0.125529       -1.40781
12.15   0.0550117       -1.41232
12.2   -0.0156435       -1.4133
12.25   -0.0862596       -1.41075
12.3   -0.15666       -1.4047
12.35   -0.226671       -1.39517
12.4   -0.296121       -1.38225
12.45   -0.364841       -1.36603
12.5   -0.43267       -1.34661
12.55   -0.499452       -1.32414
12.6   -0.565036       -1.29877
12.65   -0.629283       -1.27066
12.7   -0.692059       -1.23997
12.75   -0.75324       -1.2069
12.8   -0.812713       -1.17163
12.85   -0.87037       -1.13435
12.9   -0.926117       -1.09524
12.95   -0.979867       -1.05448
13   -1.03154       -1.01225
13.05   -1.08107       -0.968727
13.1   -1.12839       -0.92406
13.15   -1.17346       -0.878403
13.2   -1.21622       -0.831895
13.25   -1.25664       -0.784664
13.3   -1.29468       -0.736826
13.35   -1.33031       -0.688485
13.4   -1.36352       -0.639733
13.45   -1.39428       -0.59065
13.5   -1.42258       -0.541308
13.55   -1.44841       -0.491765
13.6   -1.47175       -0.442071
13.65   -1.49261       -0.392267
13.7   -1.51098       -0.342386
13.75   -1.52685       -0.292453
13.8   -1.54022       -0.242488
13.85   -1.5511       -0.192504
13.9   -1.55947       -0.14251
13.95   -1.56535       -0.0925116
14   -1.56873       -0.042512
14.05   -1.5696       0.00748798
14.1   -1.56798       0.0574879
14.15   -1.56385       0.107487
14.2   -1.55723       0.157485
14.25   -1.5481       0.207476
14.3   -1.53648       0.257456
14.35   -1.52236       0.307413
14.4   -1.50574       0.357333
14.45   -1.48663       0.407194
14.5   -1.46502       0.456968
14.55   -1.44093       0.506622
14.6   -1.41436       0.55611
14.65   -1.38532       0.605382
14.7   -1.35383       0.654373
14.75   -1.31989       0.703011
14.8   -1.28353       0.751212
14.85   -1.24478       0.798879
14.9   -1.20366       0.845906
14.95   -1.1602       0.892173
15   -1.11445       0.937549
15.05   -1.06646       0.981891
15.1   -1.01629       1.02505
15.15   -0.963982       1.06685
15.2   -0.909626       1.10713
15.25   -0.853297       1.14572
15.3   -0.795085       1.18242
15.35   -0.73509       1.21705
15.4   -0.673418       1.24942
15.45   -0.610188       1.27935
15.5   -0.545527       1.30666
15.55   -0.479568       1.33118
15.6   -0.412457       1.35275
15.65   -0.344345       1.37123
15.7   -0.275389       1.38647
15.75   -0.205753       1.39838
15.8   -0.135607       1.40688
15.85   -0.0651233       1.41189
15.9   0.00552296       1.41338
15.95   0.0761555       1.41134
16   0.146598       1.40578
16.05   0.216675       1.39675
16.1   0.286216       1.38431
16.15   0.355051       1.36855
16.2   0.423017       1.34958
16.25   0.489958       1.32754
16.3   0.555723       1.30258
16.35   0.620169       1.27484
16.4   0.683164       1.24452
16.45   0.744581       1.21178
16.5   0.804304       1.17681
16.55   0.862228       1.13981
16.6   0.918254       1.10095
16.65   0.972295       1.06041
16.7   1.02427       1.01839
16.75   1.07411       0.975034
16.8   1.12175       0.930521
16.85   1.16715       0.884997
16.9   1.21024       0.838603
16.95   1.25099       0.791468
17   1.28938       0.74371
17.05   1.32536       0.695435
17.1   1.35891       0.646737
17.15   1.39002       0.597697
17.2   1.41868       0.548388
17.25   1.44486       0.49887
17.3   1.46856       0.449195
17.35   1.48978       0.399405
17.4   1.5085       0.349533
17.45   1.52473       0.299607
17.5   1.53846       0.249645
17.55   1.54969       0.199663
17.6   1.55843       0.14967
17.65   1.56466       0.0996722
17.7   1.5684       0.0496726
17.75   1.56963       -0.0003273
17.8   1.56836       -0.0503272
17.85   1.5646       -0.100327
17.9   1.55833       -0.150325
17.95   1.54956       -0.200318
18   1.5383       -0.2503
18.05   1.52453       -0.300261
18.1   1.50827       -0.350187
18.15   1.48952       -0.400058
18.2   1.46827       -0.449847
18.25   1.44453       -0.49952
18.3   1.41832       -0.549035
18.35   1.38963       -0.598341
18.4   1.35849       -0.647376
18.45   1.3249       -0.69607
18.5   1.28889       -0.744339
18.55   1.25048       -0.792089
18.6   1.20969       -0.839215
18.65   1.16657       -0.885599
18.7   1.12115       -0.931111
18.75   1.07347       -0.97561
18.8   1.0236       -1.01894
18.85   0.971601       -1.06095
18.9   0.917534       -1.10147
18.95   0.861482       -1.1403
19   0.803534       -1.17728
19.05   0.743788       -1.21222
19.1   0.682349       -1.24493
19.15   0.619335       -1.27522
19.2   0.55487       -1.30292
19.25   0.489089       -1.32785
19.3   0.422134       -1.34985
19.35   0.354155       -1.36878
19.4   0.28531       -1.38449
19.45   0.215761       -1.39689
19.5   0.145678       -1.40587
19.55   0.0752319       -1.41139
19.6   0.00459803       -1.41338
19.65   -0.0660473       -1.41184
19.7   -0.136528       -1.40679
19.75   -0.206668       -1.39825
19.8   -0.276296       -1.38629
19.85   -0.345242       -1.371
19.9   -0.413342       -1.35249
19.95   -0.480439       -1.33088
20   -0.546382       -1.30633
20.05   -0.611025       -1.27898
20.1   -0.674236       -1.24901
20.15   -0.735886       -1.21661
20.2   -0.795859       -1.18195
20.25   -0.854047       -1.14522
20.3   -0.91035       -1.10662
20.35   -0.96468       -1.06631
20.4   -1.01696       -1.02449
20.45   -1.06711       -0.981318
20.5   -1.11507       -0.936962
20.55   -1.16079       -0.891573
20.6   -1.20421       -0.845296
20.65   -1.2453       -0.798259
20.7   -1.28403       -0.750584
20.75   -1.32035       -0.702377
20.8   -1.35426       -0.653734
20.85   -1.38572       -0.604738
20.9   -1.41473       -0.555464
20.95   -1.44126       -0.505973
21   -1.46532       -0.456318
21.05   -1.48689       -0.406542
21.1   -1.50597       -0.35668
21.15   -1.52256       -0.30676
21.2   -1.53665       -0.256802
21.25   -1.54824       -0.206822
21.3   -1.55733       -0.15683
21.35   -1.56392       -0.106833
21.4   -1.56801       -0.0568335
21.45   -1.56961       -0.00683363
21.5   -1.5687       0.0431663
21.55   -1.56529       0.093166
21.6   -1.55938       0.143164
21.65   -1.55097       0.193158
21.7   -1.54007       0.243142
21.75   -1.52666       0.293107
21.8   -1.51075       0.343039
21.85   -1.49236       0.39292
21.9   -1.47146       0.442722
21.95   -1.44809       0.492414
22   -1.42223       0.541955
22.05   -1.39389       0.591294
22.1   -1.3631       0.640373
22.15   -1.32986       0.68912
22.2   -1.29419       0.737456
22.25   -1.25612       0.785286
22.3   -1.21568       0.832509
22.35   -1.17289       0.879006
22.4   -1.12779       0.924651
22.45   -1.08044       0.969305
22.5   -1.03088       1.01282
22.55   -0.979177       1.05502
22.6   -0.9254       1.09576
22.65   -0.869628       1.13485
22.7   -0.811946       1.17211
22.75   -0.752451       1.20735
22.8   -0.691247       1.24039
22.85   -0.628451       1.27104
22.9   -0.564186       1.29912
22.95   -0.498585       1.32446
23   -0.431789       1.34689
23.05   -0.363947       1.36626
23.1   -0.295216       1.38244
23.15   -0.225758       1.39532
23.2   -0.155741       1.4048
23.25   -0.0853364       1.41081
23.3   -0.0147186       1.41331
23.35   0.0559359       1.41228
23.4   0.126451       1.40773
23.45   0.19665       1.39968
23.5   0.266362       1.38821
23.55   0.335416       1.37339
23.6   0.403647       1.35534
23.65   0.470898       1.33416
23.7   0.537014       1.31002
23.75   0.601852       1.28306
23.8   0.665276       1.25346
23.85   0.727157       1.22139
23.9   0.787377       1.18705
23.95   0.845827       1.1506
24   0.902406       1.11226
24.05   0.957024       1.07218
24.1   1.0096       1.03057
24.15   1.06006       0.987577
24.2   1.10834       0.943381
24.25   1.15438       0.898131
24.3   1.19813       0.851973
24.35   1.23956       0.805038
24.4   1.27863       0.757447
24.45   1.3153       0.70931
24.5   1.34955       0.660724
24.55   1.38136       0.611774
24.6   1.41072       0.562536
24.65   1.43761       0.513072
24.7   1.46203       0.463437
24.75   1.48396       0.413676
24.8   1.50339       0.363825
24.85   1.52034       0.313912
24.9   1.53478       0.263959
24.95   1.54673       0.213981
25   1.55618       0.16399
25.05   1.56313       0.113994
25.1   1.56758       0.0639942
25.15   1.56953       0.0139944
25.2   1.56898       -0.0360056
25.25   1.56593       -0.0860053
25.3   1.56038       -0.136004
25.35   1.55233       -0.185999
25.4   1.54178       -0.235985
25.45   1.52873       -0.285953
25.5   1.51319       -0.335891
25.55   1.49514       -0.38578
25.6   1.47461       -0.435596
25.65   1.45159       -0.485306
25.7   1.42608       -0.534871
25.75   1.3981       -0.584243
25.8   1.36766       -0.633363
25.85   1.33477       -0.682162
25.9   1.29945       -0.730562
25.95   1.26172       -0.778471
26   1.22161       -0.825787
26.05   1.17916       -0.872396
26.1   1.13439       -0.918172
26.15   1.08735       -0.962976
26.2   1.03811       -1.00666
26.25   0.98671       -1.04907
26.3   0.933226       -1.09002
26.35   0.877735       -1.12936
26.4   0.82032       -1.16689
26.45   0.761079       -1.20243
26.5   0.700113       -1.2358
26.55   0.637538       -1.2668
26.6   0.573475       -1.29526
26.65   0.508057       -1.321
26.7   0.441423       -1.34386
26.75   0.373722       -1.36368
26.8   0.305108       -1.38032
26.85   0.235744       -1.39368
26.9   0.165797       -1.40365
26.95   0.0954367       -1.41016
27   0.0248387       -1.41317
27.05   -0.0458214       -1.41264
27.1   -0.116367       -1.40859
27.15   -0.186623       -1.40105
27.2   -0.256415       -1.39006
27.25   -0.325573       -1.37572
27.3   -0.393932       -1.35812
27.35   -0.461332       -1.33738
27.4   -0.52762       -1.31365
27.45   -0.59265       -1.28709
27.5   -0.656284       -1.25785
27.55   -0.718394       -1.22613
27.6   -0.778859       -1.1921
27.65   -0.837568       -1.15594
27.7   -0.894421       -1.11786
27.75   -0.949325       -1.07802
27.8   -1.0022       -1.03661
27.85   -1.05296       -0.993812
27.9   -1.10156       -0.949779
27.95   -1.14792       -0.904671
28   -1.19201       -0.858634
28.05   -1.23377       -0.811803
28.1   -1.27318       -0.764299
28.15   -1.31019       -0.716234
28.2   -1.34479       -0.667706
28.25   -1.37696       -0.618804
28.3   -1.40667       -0.569603
28.35   -1.43391       -0.520168
28.4   -1.45868       -0.470555
28.45   -1.48097       -0.42081
28.5   -1.50076       -0.370969
28.55   -1.51806       -0.321063
28.6   -1.53287       -0.271115
28.65   -1.54518       -0.22114
28.7   -1.55498       -0.171151
28.75   -1.56229       -0.121154
28.8   -1.5671       -0.0711552
28.85   -1.56941       -0.0211554
28.9   -1.56921       0.0288446
28.95   -1.56652       0.0788444
29   -1.56133       0.128843
29.05   -1.55364       0.178839
29.1   -1.54345       0.228826
29.15   -1.53075       0.278798
29.2   -1.51557       0.328741
29.25   -1.49788       0.378639
29.3   -1.4777       0.428467
29.35   -1.45504       0.478194
29.4   -1.42989       0.527783
29.45   -1.40226       0.577186
29.5   -1.37217       0.626346
29.55   -1.33963       0.675196
29.6   -1.30466       0.723658
29.65   -1.26727       0.771643
29.7   -1.2275       0.819051
29.75   -1.18538       0.865769
29.8   -1.14094       0.911672
29.85   -1.09423       0.956624
29.9   -1.0453       1.00048
29.95   -0.994202       1.04308
30   -0.941012       1.08425
30.05   -0.885803       1.12383
30.1   -0.828659       1.16164
30.15   -0.769672       1.19747
30.2   -0.708947       1.23116
30.25   -0.646595       1.26252
30.3   -0.582737       1.29135
30.35   -0.517505       1.31749
30.4   -0.451036       1.34077
30.45   -0.383478       1.36103
30.5   -0.314986       1.37814
30.55   -0.245719       1.39197
30.6   -0.175845       1.40244
30.65   -0.105533       1.40945
30.7   -0.0349583       1.41296
30.75   0.0357038       1.41294
30.8   0.106277       1.40939
30.85   0.176584       1.40234
30.9   0.246453       1.39185
30.95   0.315713       1.37798
31   0.384196       1.36083
31.05   0.451744       1.34054
31.1   0.5182       1.31723
31.15   0.583419       1.29106
31.2   0.647261       1.2622
31.25   0.709597       1.23082
31.3   0.770304       1.19711
31.35   0.829271       1.16125
31.4   0.886396       1.12342
31.45   0.941584       1.08383
31.5   0.994752       1.04264
31.55   1.04582       1.00002
31.6   1.09473       0.956155
31.65   1.14142       0.911192
31.7   1.18584       0.86528
31.75   1.22794       0.818554
31.8   1.26768       0.77114
31.85   1.30504       0.723149
31.9   1.33999       0.674682
31.95   1.3725       0.625828
32   1.40257       0.576666
32.05   1.43016       0.527261
32.1   1.45529       0.47767
32.15   1.47793       0.427941
32.2   1.49808       0.378112
32.25   1.51574       0.328214
32.3   1.5309       0.278271
32.35   1.54357       0.228299
32.4   1.55373       0.178311
32.45   1.5614       0.128316
32.5   1.56656       0.0783167
32.55   1.56923       0.0283169
32.6   1.56939       -0.0216831
32.65   1.56706       -0.0716829
32.7   1.56223       -0.121682
32.75   1.55489       -0.171678
32.8   1.54506       -0.221667
32.85   1.53273       -0.271642
32.9   1.51789       -0.32159
32.95   1.50057       -0.371496
33   1.48075       -0.421335
33.05   1.45844       -0.471079
33.1   1.43364       -0.520691
33.15   1.40637       -0.570123
33.2   1.37663       -0.619322
33.25   1.34444       -0.668221
33.3   1.30982       -0.716744
33.35   1.27278       -0.764803
33.4   1.23335       -0.812301
33.45   1.19156       -0.859125
33.5   1.14745       -0.905152
33.55   1.10106       -0.95025
33.6   1.05244       -0.994271
33.65   1.00165       -1.03706
33.7   0.948756       -1.07845
33.75   0.893831       -1.11827
33.8   0.836958       -1.15634
33.85   0.77823       -1.19247
33.9   0.717747       -1.22648
33.95   0.655621       -1.25818
34   0.591971       -1.28738
34.05   0.526927       -1.31392
34.1   0.460627       -1.33762
34.15   0.393216       -1.35832
34.2   0.324847       -1.37589
34.25   0.255681       -1.3902
34.3   0.185883       -1.40115
34.35   0.115624       -1.40866
34.4   0.045076       -1.41267
34.45   -0.0255843       -1.41316
34.5   -0.0961807       -1.41011
34.55   -0.166537       -1.40357
34.6   -0.23648       -1.39356
34.65   -0.305837       -1.38017
34.7   -0.374441       -1.36348
34.75   -0.442132       -1.34363
34.8   -0.508754       -1.32075
34.85   -0.574159       -1.29498
34.9   -0.638206       -1.26649
34.95   -0.700765       -1.23546
35   -0.761713       -1.20207
35.05   -0.820936       -1.16651
35.1   -0.878331       -1.12895
35.15   -0.933802       -1.0896
35.2   -0.987264       -1.04863
35.25   -1.03864       -1.00621
35.3   -1.08786       -0.962509
35.35   -1.13487       -0.917694
35.4   -1.17962       -0.871909
35.45   -1.22205       -0.825292
35.5   -1.26213       -0.777969
35.55   -1.29984       -0.730054
35.6   -1.33513       -0.681649
35.65   -1.36799       -0.632846
35.7   -1.39841       -0.583723
35.75   -1.42636       -0.534349
35.8   -1.45184       -0.484782
35.85   -1.47484       -0.435071
35.9   -1.49535       -0.385254
35.95   -1.51336       -0.335364
36   -1.52888       -0.285426
36.05   -1.5419       -0.235457
36.1   -1.55243       -0.185471
36.15   -1.56045       -0.135476
36.2   -1.56598       -0.0854779
36.25   -1.569       -0.0354781
36.3   -1.56952       0.0145218
36.35   -1.56755       0.0645217
36.4   -1.56307       0.114521
36.45   -1.5561       0.164518
36.5   -1.54662       0.214508
36.55   -1.53464       0.264486
36.6   -1.52017       0.314439
36.65   -1.5032       0.364351
36.7   -1.48374       0.414202
36.75   -1.46178       0.463962
36.8   -1.43734       0.513595
36.85   -1.41043       0.563056
36.9   -1.38104       0.612292
36.95   -1.3492       0.661238
37   -1.31492       0.70982
37.05   -1.27823       0.757952
37.1   -1.23914       0.805536
37.15   -1.19768       0.852464
37.2   -1.1539       0.898614
37.25   -1.10784       0.943853
37.3   -1.05954       0.988038
37.35   -1.00905       1.03101
37.4   -0.956458       1.07261
37.45   -0.901819       1.11267
37.5   -0.84522       1.151
37.55   -0.786751       1.18742
37.6   -0.726513       1.22174
37.65   -0.664615       1.25378
37.7   -0.601175       1.28336
37.75   -0.536323       1.31029
37.8   -0.470194       1.3344
37.85   -0.402932       1.35554
37.9   -0.334691       1.37357
37.95   -0.26563       1.38835
38   -0.195912       1.39979
38.05   -0.125708       1.40779
38.1   -0.0551908       1.41231
38.15   0.0154643       1.4133
38.2   0.0860807       1.41077
38.25   0.156482       1.40472
38.3   0.226495       1.3952
38.35   0.295946       1.38229
38.4   0.364668       1.36607
38.45   0.4325       1.34667
38.5   0.499284       1.3242
38.55   0.564872       1.29884
38.6   0.629122       1.27073
38.65   0.691902       1.24005
38.7   0.753088       1.20699
38.75   0.812564       1.17173
38.8   0.870227       1.13445
38.85   0.925979       1.09534
38.9   0.979733       1.05459
38.95   1.03141       1.01236
39   1.08095       0.968839
39.05   1.12828       0.924175
39.1   1.17335       0.87852
39.15   1.21612       0.832014
39.2   1.25654       0.784785
39.25   1.29458       0.736948
39.3   1.33022       0.688608
39.35   1.36344       0.639857
39.4   1.39421       0.590775
39.45   1.42251       0.541434
39.5   1.44835       0.491891
39.55   1.4717       0.442197
39.6   1.49256       0.392394
39.65   1.51094       0.342513
39.7   1.52681       0.29258
39.75   1.54019       0.242615
39.8   1.55107       0.192631
39.85   1.55946       0.142637
39.9   1.56534       0.0926387
39.95   1.56872       0.0426391
40   1.5696       -0.00736089
40.05   1.56798       -0.0573608
40.1   1.56387       -0.10736
40.15   1.55725       -0.157358
40.2   1.54813       -0.207349
40.25   1.53651       -0.257329
40.3   1.5224       -0.307286
40.35   1.50579       -0.357206
40.4   1.48668       -0.407067
40.45   1.46508       -0.456842
40.5   1.441       -0.506496
40.55   1.41443       -0.555985
40.6   1.3854       -0.605257
40.65   1.35391       -0.654249
40.7   1.31998       -0.702888
40.75   1.28363       -0.75109
40.8   1.24488       -0.798759
40.85   1.20377       -0.845788
40.9   1.16032       -0.892057
40.95   1.11457       -0.937435
41   1.06659       -0.98178
41.05   1.01642       -1.02494
41.1   0.964118       -1.06675
41.15   0.909767       -1.10703
41.2   0.853443       -1.14562
41.25   0.795236       -1.18233
41.3   0.735245       -1.21696
41.35   0.673578       -1.24934
41.4   0.610352       -1.27928
41.45   0.545693       -1.3066
41.5   0.479738       -1.33113
41.55   0.41263       -1.3527
41.6   0.344519       -1.37118
41.65   0.275565       -1.38644
41.7   0.205931       -1.39836
41.75   0.135786       -1.40686
41.8   0.0653033       -1.41188
41.85   -0.00534285       -1.41338
41.9   -0.0759757       -1.41135
41.95   -0.146419       -1.4058
42   -0.216497       -1.39677
42.05   -0.286039       -1.38434
42.1   -0.354876       -1.36859
42.15   -0.422845       -1.34964
42.2   -0.489789       -1.3276
42.25   -0.555557       -1.30264
42.3   -0.620007       -1.27492
42.35   -0.683005       -1.2446
42.4   -0.744427       -1.21187
42.45   -0.804155       -1.17691
42.5   -0.862083       -1.1399
42.55   -0.918114       -1.10105
42.6   -0.97216       -1.06052
42.65   -1.02414       -1.01849
42.7   -1.07399       -0.975147
42.75   -1.12164       -0.930636
42.8   -1.16703       -0.885115
42.85   -1.21013       -0.838723
42.9   -1.25089       -0.791589
42.95   -1.28928       -0.743833
43   -1.32527       -0.695559
43.05   -1.35883       -0.646862
43.1   -1.38995       -0.597823
43.15   -1.41861       -0.548514
43.2   -1.4448       -0.498997
43.25   -1.46851       -0.449323
43.3   -1.48973       -0.399533
43.35   -1.50846       -0.349661
43.4   -1.52469       -0.299735
43.45   -1.53843       -0.249773
43.5   -1.54967       -0.199791
43.55   -1.55841       -0.149798
43.6   -1.56465       -0.0998001
43.65   -1.56839       -0.0498005
43.7   -1.56963       0.000199425
43.75   -1.56837       0.0501994
43.8   -1.56461       0.100199
43.85   -1.55835       0.150197
43.9   -1.54959       0.20019
43.95   -1.53833       0.250172
44   -1.52457       0.300133
44.05   -1.50832       0.350059
44.1   -1.48957       0.39993
44.15   -1.46833       0.449719
44.2   -1.4446       0.499393
44.25   -1.41839       0.548909
44.3   -1.38971       0.598215
44.35   -1.35857       0.647252
44.4   -1.32499       0.695946
44.45   -1.28899       0.744216
44.5   -1.25058       0.791968
44.55   -1.2098       0.839096
44.6   -1.16668       0.885481
44.65   -1.12127       0.930996
44.7   -1.0736       0.975498
44.75   -1.02373       1.01884
44.8   -0.971737       1.06085
44.85   -0.917675       1.10136
44.9   -0.861628       1.14021
44.95   -0.803685       1.17719
45   -0.743943       1.21214
45.05   -0.682509       1.24485
45.1   -0.619498       1.27515
45.15   -0.555037       1.30285
45.2   -0.489259       1.32779
45.25   -0.422307       1.3498
45.3   -0.35433       1.36873
45.35   -0.285487       1.38446
45.4   -0.21594       1.39686
45.45   -0.145858       1.40586
45.5   -0.0754125       1.41138
45.55   -0.00477892       1.41338
45.6   0.0658666       1.41185
45.65   0.136348       1.40681
45.7   0.206489       1.39828
45.75   0.276118       1.38633
45.8   0.345067       1.37105
45.85   0.41317       1.35254
45.9   0.480269       1.33094
45.95   0.546215       1.30639
46   0.610862       1.27905
46.05   0.674076       1.24909
46.1   0.735731       1.2167
46.15   0.795708       1.18204
46.2   0.8539       1.14532
46.25   0.910209       1.10672
46.3   0.964544       1.06642
46.35   1.01683       1.0246
46.4   1.06698       0.981431
46.45   1.11495       0.937077
46.5   1.16067       0.891691
46.55   1.2041       0.845416
46.6   1.2452       0.798381
46.65   1.28393       0.750707
46.7   1.32026       0.702502
46.75   1.35417       0.653859
46.8   1.38564       0.604865
46.85   1.41466       0.555591
46.9   1.4412       0.5061
46.95   1.46526       0.456446
47   1.48684       0.40667
47.05   1.50593       0.356808
47.1   1.52252       0.306888
47.15   1.53662       0.256931
47.2   1.54821       0.206951
47.25   1.55731       0.156959
47.3   1.56391       0.106961
47.35   1.56801       0.056962
47.4   1.56961       0.00696212
47.45   1.5687       -0.0430378
47.5   1.5653       -0.0930375
47.55   1.5594       -0.143036
47.6   1.551       -0.19303
47.65   1.5401       -0.243014
47.7   1.5267       -0.292979
47.75   1.5108       -0.342911
47.8   1.49241       -0.392791
47.85   1.47152       -0.442594
47.9   1.44815       -0.492287
47.95   1.4223       -0.541828
48   1.39397       -0.591168
48.05   1.36318       -0.640247
48.1   1.32995       -0.688995
48.15   1.29429       -0.737332
48.2   1.25623       -0.785164
48.25   1.21578       -0.832388
48.3   1.173       -0.878888
48.35   1.12791       -0.924535
48.4   1.08056       -0.969191
48.45   1.03101       -1.01271
48.5   0.979313       -1.05492
48.55   0.925542       -1.09566
48.6   0.869775       -1.13475
48.65   0.812097       -1.17202
48.7   0.752607       -1.20726
48.75   0.691408       -1.24031
48.8   0.628616       -1.27096
48.85   0.564354       -1.29905
48.9   0.498756       -1.3244
48.95   0.431963       -1.34683
49   0.364124       -1.36621
49.05   0.295395       -1.3824
49.1   0.225938       -1.39529
49.15   0.155922       -1.40478
49.2   0.0855183       -1.4108
49.25   0.0149009       -1.41331
49.3   -0.0557538       -1.41229
49.35   -0.126269       -1.40774
49.4   -0.19647       -1.39971
49.45   -0.266183       -1.38825
49.5   -0.335239       -1.37344
49.55   -0.403473       -1.35539
49.6   -0.470726       -1.33422
49.65   -0.536846       -1.31008
49.7   -0.601687       -1.28313
49.75   -0.665115       -1.25354
49.8   -0.727       -1.22148
49.85   -0.787225       -1.18714
49.9   -0.845679       -1.1507
49.95   -0.902263       -1.11236
