0   0.0999584       1.9975
0.05   0.199667       1.99004
0.1   0.298881       1.97771
0.15   0.39736       1.96066
0.2   0.494872       1.93909
0.25   0.591197       1.91326
0.3   0.686131       1.88346
0.35   0.779482       1.85001
0.4   0.871078       1.81329
0.45   0.960762       1.77364
0.5   1.0484       1.73145
0.55   1.13387       1.6871
0.6   1.21708       1.64097
0.65   1.29794       1.59341
0.7   1.3764       1.54478
0.75   1.45241       1.4954
0.8   1.52594       1.44558
0.85   1.54463       1.39559
0.9   1.52844       1.3456
0.95   1.54713       1.29561
1   1.53093       1.24562
1.05   1.54963       1.19563
1.1   1.53343       1.14564
1.15   1.55213       1.09565
1.2   1.53593       1.04566
1.25   1.55463       0.995665
1.3   1.53843       0.945671
1.35   1.55712       0.895678
1.4   1.54093       0.845683
1.45   1.55962       0.795689
1.5   1.54343       0.745694
1.55   1.56212       0.695699
1.6   1.54593       0.645703
1.65   1.56462       0.595707
1.7   1.54843       0.54571
1.75   1.56712       0.495714
1.8   1.55093       0.445717
1.85   1.56962       0.39572
1.9   1.55343       0.345722
1.95   1.56947       0.295725
2   1.55859       0.245726
2.05   1.56962       0.195727
2.1   1.56343       0.145728
2.15   1.56947       0.095728
2.2   1.56859       0.0457281
2.25   1.56962       -0.00427185
2.3   1.56816       -0.0542718
2.35   1.5642       -0.104271
2.4   1.55773       -0.154269
2.45   1.54877       -0.204261
2.5   1.53731       -0.254242
2.55   1.52335       -0.304201
2.6   1.50689       -0.354124
2.65   1.48793       -0.403989
2.7   1.46649       -0.45377
2.75   1.44256       -0.503433
2.8   1.41615       -0.552933
2.85   1.38727       -0.60222
2.9   1.35593       -0.651232
2.95   1.32215       -0.699895
3   1.28595       -0.748127
3.05   1.24735       -0.795832
3.1   1.20638       -0.842903
3.15   1.16307       -0.889223
3.2   1.11747       -0.93466
3.25   1.06962       -0.979073
3.3   1.01958       -1.02231
3.35   0.967412       -1.06421
3.4   0.913186       -1.10459
3.45   0.856981       -1.14329
3.5   0.798888       -1.18012
3.55   0.739003       -1.21489
3.6   0.677436       -1.24741
3.65   0.614303       -1.27751
3.7   0.549729       -1.30499
3.75   0.48385       -1.3297
3.8   0.416808       -1.35146
3.85   0.348755       -1.37013
3.9   0.279849       -1.38559
3.95   0.210252       -1.39772
4   0.140133       -1.40644
4.05   0.069666       -1.41167
4.1   -0.00097525       -1.41339
4.15   -0.0716141       -1.41158
4.2   -0.142074       -1.40624
4.25   -0.21218       -1.39743
4.3   -0.281761       -1.38521
4.35   -0.350646       -1.36966
4.4   -0.418673       -1.3509
4.45   -0.485684       -1.32905
4.5   -0.551529       -1.30427
4.55   -0.616065       -1.27671
4.6   -0.679157       -1.24655
4.65   -0.740679       -1.21396
4.7   -0.800515       -1.17913
4.75   -0.858558       -1.14225
4.8   -0.914709       -1.1035
4.85   -0.96888       -1.06307
4.9   -1.02099       -1.02113
4.95   -1.07097       -0.977863
5   -1.11876       -0.933419
5.05   -1.1643       -0.887956
5.1   -1.20754       -0.841614
5.15   -1.24844       -0.794523
5.2   -1.28698       -0.746802
5.25   -1.32312       -0.698557
5.3   -1.35683       -0.649883
5.35   -1.3881       -0.600863
5.4   -1.41691       -0.55157
5.45   -1.44325       -0.502064
5.5   -1.46711       -0.452398
5.55   -1.48849       -0.402614
5.6   -1.50737       -0.352746
5.65   -1.52376       -0.302823
5.7   -1.53766       -0.252863
5.75   -1.54905       -0.202882
5.8   -1.55794       -0.152889
5.85   -1.56434       -0.102891
5.9   -1.56823       -0.0528918
5.95   -1.56963       -0.00289189
6   -1.56852       0.0471081
6.05   -1.56492       0.0971076
6.1   -1.55881       0.147106
6.15   -1.55021       0.197099
6.2   -1.5391       0.247082
6.25   -1.5255       0.297045
6.3   -1.5094       0.346974
6.35   -1.4908       0.396849
6.4   -1.46971       0.446644
6.45   -1.44614       0.496326
6.5   -1.42008       0.545853
6.55   -1.39156       0.595174
6.6   -1.36057       0.644229
6.65   -1.32714       0.692947
6.7   -1.29128       0.741246
6.75   -1.25302       0.789033
6.8   -1.21239       0.836202
6.85   -1.16942       0.882638
6.9   -1.12414       0.92821
6.95   -1.07661       0.972779
7   -1.02688       1.01619
7.05   -0.975015       1.05829
7.1   -0.921078       1.09891
7.15   -0.865152       1.13786
7.2   -0.807323       1.17496
7.25   -0.747689       1.21004
7.3   -0.686356       1.2429
7.35   -0.62344       1.27335
7.4   -0.559064       1.30122
7.45   -0.493363       1.32633
7.5   -0.426479       1.34853
7.55   -0.358562       1.36765
7.6   -0.289768       1.38358
7.65   -0.220259       1.39619
7.7   -0.150205       1.4054
7.75   -0.079777       1.41114
7.8   -0.0091499       1.41336
7.85   0.0615001       1.41205
7.9   0.131997       1.40722
7.95   0.202164       1.39891
8   0.27183       1.38717
8.05   0.340825       1.37209
8.1   0.408985       1.35378
8.15   0.476151       1.33237
8.2   0.542172       1.30799
8.25   0.606904       1.28082
8.3   0.670211       1.25102
8.35   0.731965       1.21877
8.4   0.79205       1.18425
8.45   0.850356       1.14765
8.5   0.906783       1.10916
8.55   0.961243       1.06896
8.6   1.01365       1.02723
8.65   1.06394       0.984138
8.7   1.11205       0.939853
8.75   1.15791       0.894527
8.8   1.20149       0.848302
8.85   1.24273       0.801311
8.9   1.28161       0.753673
8.95   1.31809       0.705498
9   1.35215       0.65688
9.05   1.38377       0.607905
9.1   1.41293       0.558646
9.15   1.43963       0.509168
9.2   1.46385       0.459521
9.25   1.48558       0.409752
9.3   1.50482       0.359895
9.35   1.52157       0.309978
9.4   1.53582       0.260022
9.45   1.54757       0.210043
9.5   1.55682       0.160052
9.55   1.56358       0.110055
9.6   1.56783       0.0600553
9.65   1.56958       0.0100554
9.7   1.56883       -0.0399446
9.75   1.56559       -0.0899443
9.8   1.55984       -0.139943
9.85   1.55159       -0.189937
9.9   1.54085       -0.239922
9.95   1.5276       -0.289888
10   1.51186       -0.339823
10.05   1.49362       -0.389708
10.1   1.47289       -0.439516
10.15   1.44967       -0.489217
10.2   1.42397       -0.538769
10.25   1.3958       -0.588123
10.3   1.36516       -0.63722
10.35   1.33208       -0.685991
10.4   1.29657       -0.734355
10.45   1.25865       -0.782222
10.5   1.21836       -0.829487
10.55   1.17572       -0.876035
10.6   1.13077       -0.921739
10.65   1.08356       -0.966461
10.7   1.03414       -1.01005
10.75   0.982574       -1.05235
10.8   0.92893       -1.09319
10.85   0.873283       -1.13239
10.9   0.815721       -1.16977
10.95   0.75634       -1.20515
11   0.695243       -1.23833
11.05   0.632546       -1.26914
11.1   0.568372       -1.29739
11.15   0.502852       -1.32291
11.2   0.436129       -1.34553
11.25   0.36835       -1.36511
11.3   0.299671       -1.3815
11.35   0.230255       -1.39459
11.4   0.160268       -1.40429
11.45   0.0898833       -1.41053
11.5   0.0192738       -1.41326
11.55   -0.0513838       -1.41246
11.6   -0.121913       -1.40813
11.65   -0.192138       -1.40031
11.7   -0.261887       -1.38906
11.75   -0.330988       -1.37445
11.8   -0.399278       -1.3566
11.85   -0.466596       -1.33562
11.9   -0.53279       -1.31166
11.95   -0.597715       -1.28488
12   -0.661234       -1.25544
12.05   -0.723218       -1.22353
12.1   -0.783549       -1.18933
12.15   -0.842116       -1.15301
12.2   -0.898818       -1.11478
12.25   -0.953565       -1.07482
12.3   -1.00627       -1.03329
12.35   -1.05687       -0.990388
12.4   -1.10529       -0.946265
12.45   -1.15148       -0.901079
12.5   -1.19539       -0.854974
12.55   -1.23696       -0.808086
12.6   -1.27618       -0.760534
12.65   -1.31301       -0.712429
12.7   -1.34742       -0.663869
12.75   -1.37939       -0.61494
12.8   -1.40891       -0.565718
12.85   -1.43596       -0.516268
12.9   -1.46053       -0.466643
12.95   -1.48262       -0.416889
13   -1.50222       -0.367042
13.05   -1.51932       -0.317132
13.1   -1.53393       -0.267181
13.15   -1.54604       -0.217204
13.2   -1.55565       -0.167214
13.25   -1.56276       -0.117218
13.3   -1.56737       -0.0672186
13.35   -1.56948       -0.0172187
13.4   -1.56909       0.0327813
13.45   -1.56621       0.082781
13.5   -1.56082       0.13278
13.55   -1.55293       0.182775
13.6   -1.54254       0.232762
13.65   -1.52965       0.282732
13.7   -1.51427       0.332672
13.75   -1.49639       0.382565
13.8   -1.47601       0.432386
13.85   -1.45315       0.482104
13.9   -1.4278       0.53168
13.95   -1.39998       0.581066
14   -1.3697       0.630204
14.05   -1.33697       0.679026
14.1   -1.3018       0.727455
14.15   -1.26423       0.775398
14.2   -1.22427       0.822756
14.25   -1.18197       0.869415
14.3   -1.13735       0.915248
14.35   -1.09046       0.960119
14.4   -1.04135       1.00388
14.45   -0.990091       1.04637
14.5   -0.936739       1.08743
14.55   -0.881375       1.12688
14.6   -0.824082       1.16453
14.65   -0.764955       1.20021
14.7   -0.704097       1.23372
14.75   -0.641622       1.26488
14.8   -0.577651       1.29351
14.85   -0.512316       1.31943
14.9   -0.445756       1.34248
14.95   -0.378119       1.36249
15   -0.309559       1.37935
15.05   -0.240239       1.39292
15.1   -0.170324       1.40311
15.15   -0.0999848       1.40985
15.2   -0.0293968       1.41308
15.25   0.0412647       1.41279
15.3   0.111823       1.40896
15.35   0.182103       1.40164
15.4   0.25193       1.39088
15.45   0.321134       1.37674
15.5   0.38955       1.35935
15.55   0.457017       1.33881
15.6   0.523381       1.31527
15.65   0.588496       1.28888
15.7   0.652225       1.25982
15.75   0.714436       1.22825
15.8   0.775011       1.19436
15.85   0.833837       1.15834
15.9   0.890812       1.12037
15.95   0.945845       1.08064
16   0.99885       1.03933
16.05   1.04975       0.996613
16.1   1.09849       0.952655
16.15   1.145       0.907612
16.2   1.18924       0.86163
16.25   1.23115       0.814846
16.3   1.27071       0.767382
16.35   1.30788       0.71935
16.4   1.34264       0.67085
16.45   1.37496       0.621969
16.5   1.40483       0.572785
16.55   1.43223       0.523364
16.6   1.45716       0.473761
16.65   1.47961       0.424023
16.7   1.49956       0.374187
16.75   1.51702       0.324285
16.8   1.53199       0.274339
16.85   1.54446       0.224365
16.9   1.55443       0.174376
16.95   1.5619       0.12438
17   1.56686       0.0743815
17.05   1.56933       0.0243816
17.1   1.5693       -0.0256183
17.15   1.56677       -0.0756181
17.2   1.56174       -0.125617
17.25   1.55421       -0.175613
17.3   1.54418       -0.225601
17.35   1.53165       -0.275574
17.4   1.51662       -0.32552
17.45   1.4991       -0.375421
17.5   1.47908       -0.425254
17.55   1.45658       -0.474989
17.6   1.43159       -0.524588
17.65   1.40412       -0.574005
17.7   1.37419       -0.623182
17.75   1.34181       -0.672054
17.8   1.30699       -0.720544
17.85   1.26976       -0.768563
17.9   1.23014       -0.816012
17.95   1.18817       -0.862778
18   1.14388       -0.908737
18.05   1.09731       -0.953755
18.1   1.04852       -0.997685
18.15   0.997564       -1.04037
18.2   0.944507       -1.08164
18.25   0.889426       -1.12133
18.3   0.832404       -1.15925
18.35   0.773533       -1.19522
18.4   0.712917       -1.22906
18.45   0.650666       -1.26057
18.5   0.586902       -1.28957
18.55   0.521754       -1.31589
18.6   0.45536       -1.33936
18.65   0.387868       -1.35982
18.7   0.319431       -1.37713
18.75   0.250209       -1.39118
18.8   0.180369       -1.40186
18.85   0.11008       -1.4091
18.9   0.0395174       -1.41284
18.95   -0.0311444       -1.41305
19   -0.101728       -1.40973
19.05   -0.172059       -1.4029
19.1   -0.241961       -1.39263
19.15   -0.311265       -1.37897
19.2   -0.379804       -1.36204
19.25   -0.447416       -1.34194
19.3   -0.513947       -1.31882
19.35   -0.57925       -1.29283
19.4   -0.643186       -1.26414
19.45   -0.705622       -1.23292
19.5   -0.766438       -1.19935
19.55   -0.825521       -1.16362
19.6   -0.882768       -1.12592
19.65   -0.938084       -1.08643
19.7   -0.991384       -1.04534
19.75   -1.04259       -1.00281
19.8   -1.09164       -0.959022
19.85   -1.13848       -0.914125
19.9   -1.18304       -0.86827
19.95   -1.22529       -0.821593
20   -1.26519       -0.774219
20.05   -1.3027       -0.726262
20.1   -1.33781       -0.677823
20.15   -1.37048       -0.628992
20.2   -1.4007       -0.579847
20.25   -1.42846       -0.530456
20.3   -1.45374       -0.480876
20.35   -1.47654       -0.431155
20.4   -1.49686       -0.381331
20.45   -1.51468       -0.331437
20.5   -1.53       -0.281496
20.55   -1.54283       -0.231525
20.6   -1.55315       -0.181538
20.65   -1.56098       -0.131543
20.7   -1.56631       -0.0815441
20.75   -1.56913       -0.0315443
20.8   -1.56946       0.0184557
20.85   -1.56729       0.0684555
20.9   -1.56262       0.118455
20.95   -1.55544       0.168451
21   -1.54577       0.218441
21.05   -1.5336       0.268417
21.1   -1.51893       0.318367
21.15   -1.50176       0.368276
21.2   -1.4821       0.418121
21.25   -1.45995       0.467872
21.3   -1.43532       0.517493
21.35   -1.40821       0.566939
21.4   -1.37863       0.616154
21.45   -1.34659       0.665075
21.5   -1.31213       0.713625
21.55   -1.27524       0.761717
21.6   -1.23596       0.809254
21.65   -1.19433       0.856125
21.7   -1.15036       0.902208
21.75   -1.10412       0.94737
21.8   -1.05564       0.991465
21.85   -1.00499       1.03434
21.9   -0.952234       1.07582
21.95   -0.897438       1.11575
22   -0.840688       1.15394
22.05   -0.782076       1.1902
22.1   -0.721703       1.22435
22.15   -0.659679       1.2562
22.2   -0.596124       1.28558
22.25   -0.531166       1.31229
22.3   -0.464943       1.33618
22.35   -0.397598       1.35708
22.4   -0.329287       1.37485
22.45   -0.260168       1.38938
22.5   -0.190405       1.40054
22.55   -0.12017       1.40828
22.6   -0.0496359       1.41252
22.65   0.0210226       1.41323
22.7   0.0916286       1.41042
22.75   0.162006       1.40409
22.8   0.23198       1.39431
22.85   0.30138       1.38113
22.9   0.370038       1.36466
22.95   0.437793       1.34501
23   0.504489       1.32231
23.05   0.569976       1.29673
23.1   0.634116       1.26841
23.15   0.696775       1.23754
23.2   0.75783       1.2043
23.25   0.817168       1.16887
23.3   0.874683       1.13144
23.35   0.930281       1.09219
23.4   0.983875       1.05132
23.45   1.03539       1.00899
23.5   1.08475       0.965366
23.55   1.13191       0.920619
23.6   1.1768       0.874892
23.65   1.21938       0.828325
23.7   1.25962       0.781044
23.75   1.29748       0.733164
23.8   1.33293       0.684788
23.85   1.36595       0.636008
23.9   1.39652       0.586904
23.95   1.42463       0.537544
24   1.45027       0.487988
24.05   1.47343       0.438284
24.1   1.4941       0.388473
24.15   1.51228       0.338588
24.2   1.52796       0.288652
24.25   1.54114       0.238685
24.3   1.55183       0.188699
24.35   1.56001       0.138705
24.4   1.5657       0.0887065
24.45   1.56888       0.0387068
24.5   1.56957       -0.0112932
24.55   1.56775       -0.0612931
24.6   1.56344       -0.111292
24.65   1.55662       -0.16129
24.7   1.54731       -0.211281
24.75   1.5355       -0.261259
24.8   1.52118       -0.311214
24.85   1.50437       -0.36113
24.9   1.48507       -0.410985
24.95   1.46328       -0.460752
25   1.439       -0.510395
25.05   1.41224       -0.559869
25.1   1.38302       -0.609121
25.15   1.35133       -0.658088
25.2   1.31721       -0.706696
25.25   1.28067       -0.75486
25.3   1.24174       -0.802483
25.35   1.20043       -0.849456
25.4   1.1568       -0.89566
25.45   1.11088       -0.940962
25.5   1.06272       -0.98522
25.55   1.01238       -1.02828
25.6   0.959919       -1.06997
25.65   0.90541       -1.11013
25.7   0.848934       -1.14858
25.75   0.790583       -1.18513
25.8   0.730456       -1.21959
25.85   0.668662       -1.25179
25.9   0.605318       -1.28153
25.95   0.540553       -1.30863
26   0.474502       -1.33293
26.05   0.407309       -1.35427
26.1   0.339126       -1.3725
26.15   0.270113       -1.3875
26.2   0.200432       -1.39915
26.25   0.130254       -1.40738
26.3   0.0597519       -1.41213
26.35   -0.0108996       -1.41335
26.4   -0.081524       -1.41104
26.45   -0.151945       -1.40521
26.5   -0.221988       -1.39592
26.55   -0.29148       -1.38322
26.6   -0.360255       -1.36722
26.65   -0.428149       -1.34801
26.7   -0.495005       -1.32575
26.75   -0.560675       -1.30056
26.8   -0.625015       -1.27263
26.85   -0.687894       -1.24211
26.9   -0.749186       -1.2092
26.95   -0.808777       -1.17407
27   -0.86656       -1.13691
27.05   -0.922438       -1.09792
27.1   -0.976324       -1.05727
27.15   -1.02814       -1.01513
27.2   -1.07782       -0.971688
27.25   -1.12529       -0.927093
27.3   -1.17051       -0.881497
27.35   -1.21342       -0.835042
27.4   -1.254       -0.787856
27.45   -1.2922       -0.740056
27.5   -1.328       -0.691745
27.55   -1.36137       -0.643018
27.6   -1.39229       -0.593955
27.65   -1.42076       -0.544628
27.7   -1.44675       -0.495097
27.75   -1.47027       -0.445412
27.8   -1.49129       -0.395615
27.85   -1.50983       -0.345738
27.9   -1.52586       -0.295808
27.95   -1.53941       -0.245844
28   -1.55045       -0.195861
28.05   -1.55899       -0.145867
28.1   -1.56504       -0.0958693
28.15   -1.56858       -0.0458697
28.2   -1.56962       0.00413025
28.25   -1.56817       0.0541302
28.3   -1.56421       0.10413
28.35   -1.55775       0.154127
28.4   -1.5488       0.20412
28.45   -1.53734       0.2541
28.5   -1.52339       0.30406
28.55   -1.50694       0.353982
28.6   -1.48799       0.403848
28.65   -1.46655       0.453629
28.7   -1.44263       0.503292
28.75   -1.41623       0.552793
28.8   -1.38735       0.602081
28.85   -1.35602       0.651093
28.9   -1.32225       0.699758
28.95   -1.28605       0.747991
29   -1.24746       0.795697
29.05   -1.20649       0.842771
29.1   -1.16319       0.889093
29.15   -1.1176       0.934533
29.2   -1.06976       0.978949
29.25   -1.01972       1.02219
29.3   -0.967562       1.06409
29.35   -0.913341       1.10448
29.4   -0.857142       1.14318
29.45   -0.799054       1.18002
29.5   -0.739174       1.21479
29.55   -0.677612       1.24732
29.6   -0.614483       1.27742
29.65   -0.549913       1.30492
29.7   -0.484037       1.32963
29.75   -0.416999       1.3514
29.8   -0.348949       1.37009
29.85   -0.280044       1.38555
29.9   -0.210449       1.39769
29.95   -0.140332       1.40642
30   -0.0698651       1.41166
30.05   0.000775894       1.41339
30.1   0.0714149       1.41158
30.15   0.141876       1.40626
30.2   0.211983       1.39746
30.25   0.281565       1.38525
30.3   0.350453       1.36971
30.35   0.418482       1.35096
30.4   0.485497       1.32912
30.45   0.551345       1.30434
30.5   0.615885       1.27679
30.55   0.678981       1.24663
30.6   0.740508       1.21405
30.65   0.800349       1.17923
30.7   0.858396       1.14235
30.75   0.914553       1.10361
30.8   0.968729       1.06319
30.85   1.02085       1.02125
30.9   1.07083       0.977986
30.95   1.11863       0.933545
31   1.16417       0.888085
31.05   1.20742       0.841745
31.1   1.24833       0.794656
31.15   1.28687       0.746936
31.2   1.32302       0.698693
31.25   1.35674       0.65002
31.3   1.38801       0.601001
31.35   1.41683       0.551708
31.4   1.44318       0.502203
31.45   1.46705       0.452537
31.5   1.48843       0.402753
31.55   1.50732       0.352886
31.6   1.52372       0.302963
31.65   1.53762       0.253003
31.7   1.54902       0.203022
31.75   1.55792       0.153029
31.8   1.56432       0.103032
31.85   1.56822       0.053032
31.9   1.56963       0.00303207
31.95   1.56853       -0.0469679
32   1.56493       -0.0969675
32.05   1.55883       -0.146965
32.1   1.55023       -0.196959
32.15   1.53914       -0.246942
32.2   1.52554       -0.296905
32.25   1.50945       -0.346834
32.3   1.49086       -0.396709
32.35   1.46978       -0.446505
32.4   1.44621       -0.496187
32.45   1.42016       -0.545714
32.5   1.39164       -0.595036
32.55   1.36066       -0.644092
32.6   1.32724       -0.692811
32.65   1.29139       -0.741111
32.7   1.25313       -0.7889
32.75   1.21251       -0.836071
32.8   1.16954       -0.882509
32.85   1.12427       -0.928083
32.9   1.07675       -0.972655
32.95   1.02702       -1.01607
33   0.975162       -1.05818
33.05   0.921231       -1.09879
33.1   0.86531       -1.13775
33.15   0.807487       -1.17486
33.2   0.747858       -1.20994
33.25   0.686529       -1.24281
33.3   0.623617       -1.27327
33.35   0.559245       -1.30115
33.4   0.493548       -1.32627
33.45   0.426667       -1.34847
33.5   0.358753       -1.3676
33.55   0.28996       -1.38354
33.6   0.220454       -1.39616
33.65   0.150401       -1.40538
33.7   0.0799739       -1.41113
33.75   0.0093471       -1.41336
33.8   -0.061303       -1.41206
33.85   -0.1318       -1.40724
33.9   -0.201969       -1.39893
33.95   -0.271636       -1.3872
34   -0.340634       -1.37214
34.05   -0.408796       -1.35383
34.1   -0.475965       -1.33243
34.15   -0.54199       -1.30807
34.2   -0.606725       -1.2809
34.25   -0.670036       -1.25111
34.3   -0.731795       -1.21886
34.35   -0.791884       -1.18435
34.4   -0.850195       -1.14775
34.45   -0.906628       -1.10927
34.5   -0.961093       -1.06907
34.55   -1.01351       -1.02735
34.6   -1.06381       -0.984259
34.65   -1.11192       -0.939977
34.7   -1.15779       -0.894654
34.75   -1.20137       -0.848432
34.8   -1.24262       -0.801442
34.85   -1.2815       -0.753807
34.9   -1.31799       -0.705632
34.95   -1.35206       -0.657015
35   -1.38368       -0.608041
35.05   -1.41286       -0.558784
35.1   -1.43956       -0.509305
35.15   -1.46378       -0.45966
35.2   -1.48552       -0.409891
35.25   -1.50477       -0.360034
35.3   -1.52152       -0.310117
35.35   -1.53578       -0.260161
35.4   -1.54754       -0.210182
35.45   -1.5568       -0.160191
35.5   -1.56356       -0.110194
35.55   -1.56782       -0.0601943
35.6   -1.56958       -0.0101944
35.65   -1.56884       0.0398056
35.7   -1.5656       0.0898053
35.75   -1.55986       0.139804
35.8   -1.55162       0.189798
35.85   -1.54088       0.239783
35.9   -1.52764       0.28975
35.95   -1.5119       0.339685
36   -1.49367       0.389569
36.05   -1.47295       0.439378
36.1   -1.44974       0.489079
36.15   -1.42404       0.538631
36.2   -1.39588       0.587986
36.25   -1.36525       0.637084
36.3   -1.33217       0.685856
36.35   -1.29667       0.734221
36.4   -1.25876       0.782089
36.45   -1.21847       0.829356
36.5   -1.17584       0.875906
36.55   -1.13089       0.921613
36.6   -1.08369       0.966338
36.65   -1.03428       1.00993
36.7   -0.982719       1.05223
36.75   -0.92908       1.09307
36.8   -0.873439       1.13228
36.85   -0.815883       1.16967
36.9   -0.756506       1.20505
36.95   -0.695414       1.23824
37   -0.632721       1.26906
37.05   -0.568551       1.29732
37.1   -0.503035       1.32284
37.15   -0.436315       1.34547
37.2   -0.368539       1.36506
37.25   -0.299862       1.38146
37.3   -0.230448       1.39456
37.35   -0.160463       1.40427
37.4   -0.0900786       1.41052
37.45   -0.0194696       1.41325
37.5   0.0511881       1.41246
37.55   0.121718       1.40814
37.6   0.191944       1.40034
37.65   0.261694       1.38909
37.7   0.330798       1.37449
37.75   0.399089       1.35665
37.8   0.46641       1.33568
37.85   0.532608       1.31173
37.9   0.597537       1.28496
37.95   0.661059       1.25553
38   0.723048       1.22362
38.05   0.783383       1.18942
38.1   0.841955       1.15312
38.15   0.898663       1.11489
38.2   0.953416       1.07493
38.25   1.00613       1.03341
38.3   1.05673       0.990508
38.35   1.10516       0.946388
38.4   1.15135       0.901205
38.45   1.19527       0.855103
38.5   1.23685       0.808216
38.55   1.27608       0.760666
38.6   1.31291       0.712562
38.65   1.34732       0.664003
38.7   1.3793       0.615076
38.75   1.40883       0.565854
38.8   1.43588       0.516404
38.85   1.46047       0.46678
38.9   1.48256       0.417026
38.95   1.50217       0.36718
39   1.51928       0.31727
39.05   1.53389       0.267319
39.1   1.54601       0.217342
39.15   1.55563       0.167352
39.2   1.56274       0.117356
39.25   1.56736       0.0673566
39.3   1.56948       0.0173567
39.35   1.5691       -0.0326432
39.4   1.56622       -0.082643
39.45   1.56083       -0.132642
39.5   1.55295       -0.182637
39.55   1.54257       -0.232624
39.6   1.52969       -0.282594
39.65   1.51431       -0.332534
39.7   1.49644       -0.382427
39.75   1.47607       -0.432249
39.8   1.45321       -0.481967
39.85   1.42788       -0.531544
39.9   1.40006       -0.58093
39.95   1.36979       -0.630069
40   1.33706       -0.678892
40.05   1.3019       -0.727321
40.1   1.26434       -0.775267
40.15   1.22439       -0.822626
40.2   1.18209       -0.869287
40.25   1.13747       -0.915122
40.3   1.09059       -0.959997
40.35   1.04149       -1.00376
40.4   0.990235       -1.04626
40.45   0.936889       -1.08732
40.5   0.881529       -1.12677
40.55   0.824242       -1.16443
40.6   0.765119       -1.20011
40.65   0.704266       -1.23363
40.7   0.641796       -1.2648
40.75   0.577829       -1.29343
40.8   0.512497       -1.31936
40.85   0.445941       -1.34242
40.9   0.378306       -1.36244
40.95   0.309749       -1.37931
41   0.24043       -1.39289
41.05   0.170517       -1.40309
41.1   0.100179       -1.40984
41.15   0.0295912       -1.41308
41.2   -0.0410703       -1.41279
41.25   -0.111629       -1.40898
41.3   -0.18191       -1.40167
41.35   -0.251738       -1.39091
41.4   -0.320945       -1.37679
41.45   -0.389363       -1.3594
41.5   -0.456832       -1.33887
41.55   -0.5232       -1.31534
41.6   -0.588319       -1.28896
41.65   -0.652051       -1.2599
41.7   -0.714267       -1.22834
41.75   -0.774846       -1.19446
41.8   -0.833677       -1.15844
41.85   -0.890658       -1.12048
41.9   -0.945696       -1.08075
41.95   -0.998707       -1.03945
42   -1.04962       -0.996732
42.05   -1.09836       -0.952777
42.1   -1.14488       -0.907737
42.15   -1.18912       -0.861758
42.2   -1.23104       -0.814976
42.25   -1.2706       -0.767514
42.3   -1.30778       -0.719483
42.35   -1.34254       -0.670984
42.4   -1.37487       -0.622104
42.45   -1.40475       -0.572921
42.5   -1.43216       -0.5235
42.55   -1.4571       -0.473897
42.6   -1.47955       -0.424159
42.65   -1.49951       -0.374325
42.7   -1.51698       -0.324422
42.75   -1.53195       -0.274476
42.8   -1.54443       -0.224502
42.85   -1.5544       -0.174514
42.9   -1.56188       -0.124518
42.95   -1.56685       -0.0745189
43   -1.56933       -0.0245191
43.05   -1.56931       0.0254809
43.1   -1.56678       0.0754807
43.15   -1.56176       0.12548
43.2   -1.55423       0.175476
43.25   -1.54421       0.225464
43.3   -1.53169       0.275437
43.35   -1.51667       0.325383
43.4   -1.49915       0.375284
43.45   -1.47914       0.425117
43.5   -1.45664       0.474853
43.55   -1.43166       0.524452
43.6   -1.4042       0.573869
43.65   -1.37427       0.623047
43.7   -1.3419       0.671921
43.75   -1.30709       0.720412
43.8   -1.26987       0.768432
43.85   -1.23025       0.815882
43.9   -1.18829       0.86265
43.95   -1.144       0.908612
44   -1.09744       0.953633
44.05   -1.04866       0.997566
44.1   -0.997707       1.04025
44.15   -0.944656       1.08153
44.2   -0.88958       1.12122
44.25   -0.832563       1.15915
44.3   -0.773697       1.19513
44.35   -0.713085       1.22897
44.4   -0.650839       1.26048
44.45   -0.587079       1.28949
44.5   -0.521935       1.31582
44.55   -0.455544       1.3393
44.6   -0.388055       1.35977
44.65   -0.31962       1.37709
44.7   -0.250401       1.39115
44.75   -0.180562       1.40184
44.8   -0.110274       1.40908
44.85   -0.0397115       1.41283
44.9   0.0309502       1.41305
44.95   0.101535       1.40974
45   0.171866       1.40293
45.05   0.24177       1.39266
45.1   0.311075       1.37901
45.15   0.379616       1.36209
45.2   0.447231       1.342
45.25   0.513766       1.31889
45.3   0.579072       1.29291
45.35   0.643012       1.26422
45.4   0.705452       1.23301
45.45   0.766273       1.19944
45.5   0.825361       1.16372
45.55   0.882612       1.12603
45.6   0.937934       1.08654
45.65   0.99124       1.04545
45.7   1.04246       1.00293
45.75   1.09151       0.959143
45.8   1.13835       0.914249
45.85   1.18292       0.868397
45.9   1.22518       0.821722
45.95   1.26508       0.77435
46   1.3026       0.726394
46.05   1.33771       0.677957
46.1   1.37039       0.629126
46.15   1.40062       0.579982
46.2   1.42839       0.530592
46.25   1.45368       0.481012
46.3   1.47648       0.431291
46.35   1.4968       0.381468
46.4   1.51463       0.331574
46.45   1.52996       0.281633
46.5   1.54279       0.231662
46.55   1.55313       0.181675
46.6   1.56096       0.13168
46.65   1.56629       0.0816813
46.7   1.56913       0.0316816
46.75   1.56946       -0.0183184
46.8   1.5673       -0.0683183
46.85   1.56263       -0.118317
46.9   1.55546       -0.168314
46.95   1.5458       -0.218304
47   1.53363       -0.26828
47.05   1.51897       -0.31823
47.1   1.50181       -0.368139
47.15   1.48216       -0.417984
47.2   1.46002       -0.467736
47.25   1.43539       -0.517357
47.3   1.40828       -0.566804
47.35   1.37871       -0.61602
47.4   1.34669       -0.664941
47.45   1.31222       -0.713492
47.5   1.27534       -0.761586
47.55   1.23607       -0.809124
47.6   1.19444       -0.855997
47.65   1.15049       -0.902083
47.7   1.10425       -0.947247
47.75   1.05578       -0.991345
47.8   1.00514       -1.03422
47.85   0.952381       -1.07571
47.9   0.89759       -1.11564
47.95   0.840846       -1.15383
48   0.782239       -1.1901
48.05   0.721871       -1.22426
48.1   0.659851       -1.25612
48.15   0.5963       -1.2855
48.2   0.531346       -1.31222
48.25   0.465125       -1.33611
48.3   0.397784       -1.35702
48.35   0.329475       -1.37481
48.4   0.260358       -1.38934
48.45   0.190597       -1.40052
48.5   0.120363       -1.40826
48.55   0.0498294       -1.41251
48.6   -0.020829       -1.41324
48.65   -0.0914353       -1.41043
48.7   -0.161814       -1.40412
48.75   -0.231789       -1.39434
48.8   -0.301191       -1.38117
48.85   -0.369851       -1.36471
48.9   -0.437609       -1.34507
48.95   -0.504307       -1.32238
49   -0.569799       -1.2968
49.05   -0.633942       -1.26849
49.1   -0.696605       -1.23763
49.15   -0.757665       -1.20439
49.2   -0.817007       -1.16897
49.25   -0.874528       -1.13154
49.3   -0.930131       -1.0923
49.35   -0.983731       -1.05143
49.4   -1.03525       -1.0091
49.45   -1.08462       -0.965487
49.5   -1.13178       -0.920742
49.55   -1.17668       -0.875018
49.6   -1.21927       -0.828453
49.65   -1.25951       -0.781174
49.7   -1.29738       -0.733295
49.75   -1.33283       -0.684921
49.8   -1.36586       -0.636142
49.85   -1.39644       -0.587038
49.9   -1.42456       -0.537679
49.95   -1.45021       -0.488124
