2 100000
-0.001 0.001 1.001 0.999
-0.0991035 0.102661 1.08203 0.882385
-0.193061 0.207073 1.12161 0.738274
-0.282427 0.313351 1.11527 0.57549
-0.36695 0.420549 1.0605 0.40351
-0.446583 0.5277 0.956835 0.231998
-0.521472 0.633864 0.805722 0.0703613
-0.591942 0.738164 0.610424 -0.0726427
-0.658475 0.839824 0.375753 -0.189237
-0.721679 0.938187 0.107794 -0.272871
-0.782259 1.03274 -0.186412 -0.318383
-0.840983 1.12311 -0.499173 -0.322089
-0.898656 1.20908 -0.822445 -0.281807
-0.95609 1.29058 -1.1481 -0.196829
-1.01408 1.36769 -1.46818 -0.0678541
-1.07339 1.44059 -1.77507 0.103105
-1.13473 1.50962 -2.06172 0.31283
-1.19872 1.5752 -2.32178 0.557023
-1.26593 1.63786 -2.54973 0.830435
-1.3368 1.6982 -2.741 1.127
-1.41169 1.7569 -2.89209 1.43999
-1.49084 1.81468 -3.00064 1.76216
-1.57435 1.87231 -3.06551 2.08592
-1.66221 1.93055 -3.08687 2.4035
-1.75428 1.99018 -3.06619 2.70721
-1.85027 2.05194 -3.00634 2.98957
-1.94975 2.11654 -2.91148 3.24363
-2.05219 2.18458 -2.7871 3.46318
-2.15692 2.2566 -2.63982 3.64301
-2.26317 2.33298 -2.47726 3.77919
-2.37012 2.41398 -2.3078 3.86924
-2.47687 2.49966 -2.14027 3.91235
-2.58254 2.58995 -1.98363 3.90947
-2.68625 2.68457 -1.84652 3.86332
-2.7872 2.78306 -1.73696 3.77837
-2.88471 2.88484 -1.66188 3.66061
-2.97821 2.98917 -1.62689 3.5173
-3.0673 3.09523 -1.63596 3.35666
-3.15177 3.20215 -1.69134 3.18746
-3.23156 3.30904 -1.79345 3.01862
-3.3068 3.41502 -1.94098 2.85884
-3.3778 3.51927 -2.13103 2.71626
-3.44497 3.62109 -2.35925 2.59814
-3.50888 3.71983 -2.62017 2.51067
-3.57016 3.81502 -2.9074 2.45884
-3.62951 3.90627 -3.21394 2.44629
-3.68766 3.99336 -3.53243 2.47536
-3.74536 4.0762 -3.85537 2.54704
-3.80336 4.15479 -4.17536 2.66107
-3.86238 4.2293 -4.48525 2.81598
-3.92307 4.29998 -4.77835 3.0092
-3.98605 4.36719 -5.04852 3.23715
-4.05187 4.43136 -5.29035 3.49537
-4.12098 4.49304 -5.49918 3.7786
-4.19377 4.5528 -5.67129 4.08096
-4.27051 4.6113 -5.80391 4.39599
-4.35137 4.66921 -5.89533 4.71687
-4.4364 4.72725 -5.94496 5.03652
-4.52556 4.78612 -5.95337 5.34778
-4.61867 4.84654 -5.92232 5.64359
-4.71542 4.90918 -5.8548 5.91716
-4.8154 4.97468 -5.75496 6.16222
-4.91809 5.04358 -5.62809 6.37321
-5.02285 5.11635 -5.48049 6.54551
-5.12897 5.19333 -5.31932 6.67566
-5.23566 5.27475 -5.15241 6.76154
-5.34211 5.36065 -4.98794 6.80253
-5.44748 5.45094 -4.83419 6.79958
-5.55098 5.54537 -4.69917 6.75525
-5.65187 5.64354 -4.59029 6.67365
-5.74949 5.74487 -4.51406 6.56025
-5.84333 5.84873 -4.47574 6.42172
-5.93298 5.95434 -4.47922 6.26558
-6.01822 6.06091 -4.52679 6.0999
-6.09899 6.16761 -4.61913 5.93295
-6.17536 6.27361 -4.75537 5.77286
-6.24759 6.37817 -4.93312 5.6273
-6.31603 6.48058 -5.14871 5.50325
-6.38116 6.58023 -5.39736 5.40675
-6.44356 6.67662 -5.67342 5.34278
-6.50384 6.76938 -5.97059 5.31519
-6.56268 6.85824 -6.28216 5.32662
-6.62078 6.94305 -6.60123 5.37851
-6.67881 7.02378 -6.92089 5.47116
-6.73746 7.10053 -7.23441 5.60375
-6.79736 7.17346 -7.53536 5.77444
-6.85912 7.24286 -7.81776 5.98044
-6.92328 7.30909 -8.07621 6.21812
-6.99031 7.37259 -8.30592 6.48307
-7.06061 7.43388 -8.5029 6.77023
-7.13451 7.4935 -8.66394 7.074
-7.21223 7.55207 -8.78673 7.38832
-7.29391 7.61022 -8.86992 7.70682
-7.37958 7.66861 -8.91317 8.02293
-7.46918 7.7279 -8.91716 8.33002
-7.56253 7.78874 -8.88368 8.62159
-7.65934 7.85176 -8.81556 8.89139
-7.75923 7.91753 -8.71673 9.13365
-7.86169 7.98658 -8.5921 9.34323
-7.96615 8.05932 -8.4475 9.51584
-8.07194 8.13608 -8.28955 9.64824
-8.17835 8.21707 -8.12546 9.73835
-8.28462 8.30236 -7.96279 9.78544
-8.38998 8.39188 -7.80925 9.79021
-8.49367 8.48542 -7.67231 9.75479
-8.595 8.58263 -7.55901 9.68271
-8.69334 8.68302 -7.47559 9.57878
-8.78817 8.78601 -7.42727 9.44893
-8.8791 8.8909 -7.41804 9.29995
-8.96585 8.99698 -7.45049 9.13921
-9.04832 9.10347 -7.5258 8.97435
-9.12653 9.2096 -7.64368 8.81301
-9.20065 9.31465 -7.80248 8.66252
-9.27097 9.41793 -7.99931 8.52966
-9.33788 9.51885 -8.23017 8.42047
-9.40188 9.61689 -8.49021 8.34008
-9.46351 9.71164 -8.77388 8.29263
-9.52339 9.80278 -9.07514 8.2812
-9.58213 9.89012 -9.3877 8.30779
-9.64039 9.97357 -9.70512 8.37334
-9.6988 10.0531 -10.021 8.47778
-9.75797 10.1289 -10.3293 8.62004
-9.81849 10.2011 -10.6241 8.79819
-9.88091 10.27 -10.8999 9.00944
-9.94571 10.3359 -11.1519 9.25028
-10.0133 10.3992 -11.3757 9.51652
-10.0841 10.4606 -11.5678 9.80341
-10.1584 10.5203 -11.7253 10.1057
-10.2363 10.5791 -11.846 10.4178
-10.318 10.6375 -11.9289 10.7337
-10.4036 10.6962 -11.9734 11.0474
-10.4929 10.7556 -11.9804 11.3527
-10.5858 10.8165 -11.9512 11.6436
-10.682 10.8795 -11.8886 11.9142
-10.7813 10.945 -11.7959 12.1592
-10.8831 11.0135 -11.6777 12.3737
-10.987 11.0856 -11.5391 12.5534
-11.0923 11.1614 -11.3862 12.6952
-11.1983 11.2412 -11.2256 12.7969
-11.3045 11.3252 -11.0642 12.8574
-11.41 11.4132 -10.9091 12.8769
-11.5142 11.5052 -10.7675 12.857
-11.6163 11.6009 -10.646 12.8004
-11.7158 11.6998 -10.5508 12.7112
-11.8122 11.8015 -10.4872 12.5945
-11.905 11.9053 -10.4595 12.4562
-11.9938 12.0106 -10.4707 12.303
-12.0786 12.1167 -10.5225 12.142
-12.1593 12.2229 -10.6156 11.9801
-12.236 12.3284 -10.749 11.8246
-12.3088 12.4327 -10.9208 11.6819
-12.3781 12.5351 -11.1279 11.5582
-12.4443 12.635 -11.3662 11.4589
-12.5078 12.7321 -11.6311 11.3884
-12.5692 12.8259 -11.9172 11.3503
-12.629 12.9162 -12.2189 11.3472
-12.6879 13.0028 -12.5303 11.3809
-12.7464 13.0857 -12.8454 11.452
-12.8051 13.1649 -13.1583 11.5603
-12.8646 13.2404 -13.4633 11.7046
-12.9254 13.3126 -13.7551 11.8833
-12.9881 13.3815 -14.0285 12.0936
-13.053 13.4477 -14.2791 12.3322
-13.1206 13.5114 -14.5029 12.5953
-13.1913 13.573 -14.6964 12.8786
-13.2652 13.6332 -14.857 13.1771
-13.3426 13.6923 -14.9826 13.4857
-13.4237 13.751 -15.072 13.7988
-13.5084 13.8098 -15.1247 14.111
-13.5968 13.8693 -15.141 14.4165
-13.6887 13.9299 -15.1223 14.7096
-13.7838 13.9924 -15.0707 14.9848
-13.882 14.0572 -14.9891 15.237
-13.9828 14.1248 -14.8814 15.4614
-14.0857 14.1955 -14.7522 15.654
-14.1902 14.2698 -14.6069 15.8112
-14.2958 14.3478 -14.4513 15.9308
-14.4017 14.4298 -14.2917 16.011
-14.5074 14.5157 -14.1349 16.0517
-14.6122 14.6055 -13.9874 16.0536
-14.7153 14.699 -13.8558 16.0186
-14.8163 14.7959 -13.746 15.9498
-14.9145 14.8957 -13.6636 15.8515
-15.0096 14.998 -13.6131 15.7287
-15.1011 15.1022 -13.5982 15.5873
-15.1888 15.2076 -13.6213 15.4334
-15.2725 15.3135 -13.6837 15.2739
-15.3523 15.4194 -13.7857 15.1152
-15.4283 15.5245 -13.9261 14.9639
-15.5006 15.6283 -14.1029 14.8261
-15.5696 15.7302 -14.3131 14.7074
-15.6356 15.8296 -14.5528 14.6126
-15.6991 15.9263 -14.8176 14.5459
-15.7607 16.0199 -15.1024 14.5104
-15.8207 16.11 -15.402 14.5087
-15.8798 16.1967 -15.7109 14.5422
-15.9385 16.2797 -16.0236 14.6116
-15.9975 16.3592 -16.3345 14.7168
-16.0571 16.4352 -16.6383 14.8567
-16.1179 16.5079 -16.93 15.0298
-16.1804 16.5775 -17.2048 15.2336
-16.2451 16.6444 -17.4585 15.4653
-16.3122 16.7088 -17.6872 15.7214
-16.3821 16.7711 -17.8876 15.9978
-16.4552 16.8319 -18.0571 16.2902
-16.5316 16.8915 -18.1935 16.5938
-16.6114 16.9505 -18.2954 16.9036
-16.6947 17.0095 -18.3622 17.2145
-16.7815 17.0688 -18.3939 17.5211
-16.8718 17.1291 -18.3913 17.8181
-16.9653 17.1909 -18.356 18.1003
-17.0619 17.2546 -18.2905 18.3628
-17.1611 17.3208 -18.1978 18.6009
-17.2627 17.3898 -18.082 18.8105
-17.3661 17.4621 -17.9476 18.988
-17.4709 17.5379 -17.7999 19.1305
-17.5765 17.6173 -17.6444 19.236
-17.6822 17.7005 -17.4873 19.3036
-17.7874 17.7876 -17.3348 19.3333
-17.8916 17.8783 -17.193 19.326
-17.9941 17.9725 -17.068 19.2839
-18.0944 18.0699 -16.9652 19.2101
-18.1919 18.17 -16.8897 19.1088
-18.2864 18.2724 -16.8455 18.9848
-18.3773 18.3765 -16.8359 18.8436
-18.4646 18.4818 -16.8631 18.6911
-18.5481 18.5875 -16.9282 18.5337
-18.6278 18.6932 -17.0312 18.3774
-18.7038 18.7981 -17.1713 18.2284
-18.7763 18.9017 -17.3463 18.0924
-18.8455 19.0035 -17.5536 17.9744
-18.9119 19.103 -17.7895 17.8792
-18.9759 19.1998 -18.05 17.8106
-19.0379 19.2937 -18.3303 17.7718
-19.0983 19.3844 -18.6257 17.7651
-19.1578 19.4717 -18.931 17.7921
-19.2168 19.5556 -19.2409 17.8535
-19.2759 19.636 -19.5505 17.9493
-19.3354 19.713 -19.8546 18.0789
-19.3961 19.7868 -20.1485 18.2409
-19.4581 19.8576 -20.4276 18.4333
-19.5221 19.9256 -20.6879 18.6535
-19.5883 19.9911 -20.9255 18.8985
-19.6572 20.0544 -21.1373 19.1646
-19.7289 20.1161 -21.3204 19.4481
-19.8036 20.1764 -21.4726 19.7446
-19.8817 20.2359 -21.5923 20.0496
-19.9631 20.2951 -21.6785 20.3582
-20.0478 20.3543 -21.7308 20.6656
-20.1359 20.4142 -21.7496 20.9669
-20.2273 20.4752 -21.7359 21.2571
-20.3217 20.5378 -21.6915 21.5315
-20.419 20.6024 -21.6189 21.7854
-20.5188 20.6694 -21.5212 22.0146
-20.6207 20.7394 -21.4023 22.2155
-20.7242 20.8124 -21.2667 22.3847
-20.829 20.8889 -21.1192 22.5199
-20.9344 20.969 -20.9653 22.6193
-21.0398 21.0527 -20.8107 22.682
-21.1448 21.1401 -20.6611 22.7083
-21.2487 21.231 -20.5224 22.6991
-21.3509 21.3252 -20.4002 22.6566
-21.4509 21.4225 -20.2996 22.5837
-21.5484 21.5225 -20.2252 22.4843
-21.6428 21.6246 -20.1809 22.3629
-21.7339 21.7284 -20.1698 22.2247
-21.8215 21.8334 -20.194 22.0752
-21.9054 21.9389 -20.2547 21.9202
-21.9857 22.0443 -20.352 21.7656
-22.0624 22.1492 -20.4851 21.617
-22.1357 22.2529 -20.6523 21.4798
-22.2058 22.355 -20.8512 21.3591
-22.273 22.455 -21.0786 21.2593
-22.3378 22.5525 -21.3308 21.1841
-22.4006 22.6472 -21.6035 21.1367
-22.4617 22.7389 -21.8922 21.1196
-22.5217 22.8275 -22.1922 21.1344
-22.581 22.9127 -22.4987 21.1822
-22.6402 22.9946 -22.8068 21.2631
-22.6997 23.0732 -23.1118 21.377
-22.76 23.1486 -23.4092 21.5227
-22.8215 23.221 -23.6945 21.6986
-22.8845 23.2906 -23.9637 21.9027
-22.9496 23.3577 -24.2132 22.1324
-23.017 23.4225 -24.4395 22.3845
-23.0869 23.4853 -24.6398 22.6556
-23.1597 23.5467 -24.8118 22.9419
-23.2356 23.607 -24.9535 23.2394
-23.3145 23.6665 -25.0635 23.5437
-23.3968 23.7259 -25.1412 23.8503
-23.4823 23.7854 -25.1863 24.1546
-23.571 23.8457 -25.1993 24.452
-23.6628 23.9071 -25.1813 24.7379
-23.7575 23.9701 -25.134 25.0078
-23.8549 24.0351 -25.0599 25.2576
-23.9547 24.1026 -24.962 25.4832
-24.0565 24.1728 -24.8439 25.6813
-24.1599 24.246 -24.7099 25.8488
-24.2645 24.3226 -24.5645 25.9835
-24.3696 24.4025 -24.4128 26.0837
-24.4749 24.486 -24.2602 26.1486
-24.5797 24.5731 -24.1121 26.1783
-24.6835 24.6635 -23.9739 26.1738
-24.7858 24.7572 -23.8509 26.1367
-24.8861 24.8539 -23.7481 26.0699
-24.9839 24.9532 -23.6697 25.9768
-25.0789 25.0547 -23.6198 25.8616
-25.1708 25.158 -23.6011 25.7289
-25.2593 25.2625 -23.6161 25.584
-25.3443 25.3677 -23.666 25.4321
-25.4258 25.473 -23.7513 25.2789
-25.5038 25.5779 -23.8714 25.1296
-25.5784 25.682 -24.0252 24.9894
-25.6498 25.7846 -24.2105 24.8633
-25.7184 25.8853 -24.4246 24.7556
-25.7845 25.9839 -24.6643 24.67
-25.8483 26.0799 -24.9257 24.6099
-25.9104 26.1731 -25.2048 24.5779
-25.9712 26.2633 -25.4973 24.5758
-26.031 26.3504 -25.7985 24.605
-26.0905 26.4343 -26.1041 24.6661
-26.1499 26.515 -26.4095 24.7591
-26.2099 26.5925 -26.7103 24.8836
-26.2707 26.6671 -27.0023 25.0382
-26.3327 26.7388 -27.2815 25.2214
-26.3965 26.8078 -27.5442 25.4311
-26.4622 26.8744 -27.7871 25.6647
-26.5302 26.939 -28.0071 25.9193
-26.6007 27.0017 -28.2015 26.1915
-26.6741 27.0631 -28.3684 26.4778
-26.7503 27.1235 -28.5058 26.7742
-26.8296 27.1832 -28.6127 27.0767
-26.9121 27.2428 -28.6884 27.3812
-26.9976 27.3026 -28.7327 27.6833
-27.0863 27.363 -28.7461 27.9786
-27.1779 27.4246 -28.7296 28.2628
-27.2724 27.4877 -28.6848 28.5319
-27.3695 27.5527 -28.6141 28.7817
-27.4689 27.62 -28.52 29.0086
-27.5703 27.69 -28.4061 29.2093
-27.6733 27.7628 -28.2761 29.381
-27.7775 27.8388 -28.1345 29.5213
-27.8823 27.918 -27.9857 29.6286
-27.9874 28.0007 -27.8349 29.702
-28.0922 28.0868 -27.6871 29.7413
-28.1962 28.1762 -27.5475 29.7472
-28.2988 28.2688 -27.4209 29.7211
-28.3997 28.3644 -27.3123 29.6654
-28.4983 28.4626 -27.2259 29.583
-28.5944 28.5631 -27.1654 29.4776
-28.6875 28.6655 -27.1342 29.3535
-28.7774 28.7694 -27.1346 29.2153
-28.8641 28.8741 -27.1682 29.0681
-28.9473 28.9792 -27.2358 28.9169
-29.0272 29.0842 -27.3374 28.7669
-29.1037 29.1886 -27.4722 28.623
-29.177 29.2919 -27.6387 28.4901
-29.2474 29.3937 -27.8346 28.3724
-29.3152 29.4935 -28.0572 28.2739
-29.3806 29.5911 -28.3031 28.1981
-29.444 29.6861 -28.5688 28.1476
-29.5059 29.7784 -28.8503 28.1248
-29.5665 29.8678 -29.1435 28.1314
-29.6265 29.9541 -29.4441 28.1683
-29.6861 30.0373 -29.748 28.236
-29.7458 30.1175 -30.0508 28.3345
-29.806 30.1946 -30.3485 28.463
-29.8672 30.2688 -30.6373 28.6205
-29.9296 30.3404 -30.9132 28.8054
-29.9936 30.4093 -31.173 29.0156
-30.0595 30.476 -31.4135 29.2486
-30.1277 30.5407 -31.6319 29.5018
-30.1983 30.6037 -31.8257 29.772
-30.2716 30.6653 -31.9929 30.0559
-30.3477 30.7259 -32.1318 30.3498
-30.4268 30.7859 -32.2414 30.6499
-30.5088 30.8457 -32.3209 30.9523
-30.5939 30.9056 -32.3702 31.2529
-30.6819 30.9661 -32.3895 31.5478
-30.7729 31.0276 -32.3798 31.8327
-30.8667 31.0905 -32.3424 32.1039
-30.963 31.1552 -32.2794 32.3575
-31.0616 31.2219 -32.1931 32.5899
-31.1622 31.2911 -32.0866 32.7979
-31.2646 31.363 -31.9633 32.9787
-31.3682 31.4379 -31.8273 33.1299
-31.4726 31.5159 -31.6827 33.2498
-31.5775 31.5972 -31.5341 33.3373
-31.6823 31.6817 -31.3863 33.3918
-31.7865 31.7695 -31.2442 33.4136
-31.8897 31.8605 -31.1124 33.4038
-31.9913 31.9545 -30.9956 33.3642
-32.0911 32.0512 -30.8981 33.2971
-32.1885 32.1503 -30.8237 33.2058
-32.2833 32.2515 -30.7759 33.0939
-32.3752 32.3543 -30.7572 32.9657
-32.4639 32.4583 -30.7697 32.8256
-32.5494 32.5631 -30.8147 32.6785
-32.6316 32.668 -30.8926 32.529
-32.7106 32.7727 -31.0032 32.3822
-32.7863 32.8766 -31.1456 32.2425
-32.8591 32.9795 -31.3181 32.1144
-32.9291 33.0807 -31.5185 32.0019
-32.9965 33.18 -31.744 31.9086
-33.0617 33.2771 -31.9916 31.8376
-33.1251 33.3717 -32.2578 31.7915
-33.187 33.4637 -32.5388 31.7723
-33.2478 33.5528 -32.8307 31.7815
-33.3079 33.6389 -33.1296 31.82
-33.3678 33.7221 -33.4315 31.8883
-33.4277 33.8023 -33.7323 31.9863
-33.4881 33.8796 -34.0284 32.1132
-33.5493 33.9541 -34.3159 32.2682
-33.6118 34.0259 -34.5914 32.4498
-33.6757 34.0953 -34.8516 32.6559
-33.7415 34.1624 -35.0936 32.8845
-33.8094 34.2276 -35.3147 33.133
-33.8797 34.2911 -35.5124 33.3984
-33.9524 34.3531 -35.6848 33.6777
-34.0279 34.4142 -35.8304 33.9675
-34.1061 34.4745 -35.9478 34.2643
-34.1873 34.5345 -36.0364 34.5644
-34.2713 34.5945 -36.0958 34.8641
-34.3583 34.6549 -36.1261 35.1596
-34.4481 34.7162 -36.128 35.447
-34.5406 34.7787 -36.1027 35.7225
-34.6357 34.8426 -36.0516 35.9825
-34.7332 34.9085 -35.977 36.2237
-34.8328 34.9766 -35.8814 36.4427
-34.9341 35.0472 -35.768 36.6367
-35.0369 35.1206 -35.6401 36.8033
-35.1407 35.1968 -35.5016 36.9405
-35.2452 35.2762 -35.3567 37.0469
-35.3499 35.3587 -35.2098 37.1217
-35.4544 35.4444 -35.0653 37.1646
-35.5581 35.5333 -34.928 37.1762
-35.6607 35.6251 -34.8021 37.1577
-35.7617 35.7198 -34.692 37.111
-35.8607 35.817 -34.6016 37.0386
-35.9575 35.9166 -34.5344 36.9435
-36.0515 36.018 -34.4935 36.8294
-36.1428 36.1209 -34.4813 36.7004
-36.231 36.2248 -34.4995 36.5607
-36.316 36.3294 -34.5492 36.4148
-36.3978 36.4342 -34.6307 36.2673
-36.4765 36.5386 -34.7438 36.1228
-36.5522 36.6424 -34.8875 35.9855
-36.6249 36.7449 -35.0602 35.8596
-36.6949 36.846 -35.2598 35.7489
-36.7625 36.9452 -35.4838 35.6568
-36.828 37.0423 -35.7291 35.5861
-36.8916 37.137 -35.9926 35.5393
-36.9538 37.2291 -36.2706 35.5184
-37.0149 37.3184 -36.5597 35.5249
-37.0753 37.4049 -36.8559 35.5595
-37.1353 37.4886 -37.1556 35.6229
-37.1954 37.5694 -37.4551 35.715
-37.2558 37.6474 -37.7506 35.8353
-37.317 37.7226 -38.0387 35.9829
-37.3793 37.7952 -38.3161 36.1566
-37.4429 37.8654 -38.5796 36.3546
-37.5083 37.9334 -38.8263 36.5749
-37.5755 37.9994 -39.0536 36.8153
-37.645 38.0636 -39.2593 37.0731
-37.7168 38.1263 -39.4412 37.3455
-37.7911 38.188 -39.5977 37.6295
-37.8681 38.2487 -39.7276 37.9217
-37.9479 38.309 -39.8298 38.2188
-38.0305 38.3692 -39.904 38.5173
-38.1159 38.4295 -39.95 38.8136
-38.2041 38.4905 -39.9681 39.104
-38.295 38.5524 -39.9592 39.3852
-38.3885 38.6156 -39.9244 39.6534
-38.4843 38.6804 -39.8656 39.9054
-38.5824 38.7471 -39.7849 40.138
-38.6824 38.8161 -39.6848 40.3482
-38.7841 38.8875 -39.5683 40.5335
-38.887 38.9617 -39.439 40.6918
-38.9909 39.0388 -39.3003 40.8212
-39.0953 39.1188 -39.1565 40.9206
-39.1997 39.202 -39.0115 40.9892
-39.3039 39.2882 -38.8698 41.0272
-39.4073 39.3774 -38.7356 41.0349
-39.5096 39.4695 -38.613 41.0138
-39.6103 39.5643 -38.5061 40.9655
-39.709 39.6616 -38.4186 40.8926
-39.8055 39.7611 -38.3538 40.798
-39.8995 39.8624 -38.3145 40.6851
-39.9906 39.9651 -38.3029 40.5578
-40.0788 40.0689 -38.3207 40.42
-40.164 40.1733 -38.369 40.2762
-40.2461 40.2779 -38.4482 40.1305
-40.3251 40.3822 -38.5579 39.9873
-40.4012 40.4858 -38.6974 39.8506
-40.4744 40.5884 -38.8651 39.7245
-40.545 40.6896 -39.0593 39.6125
-40.6132 40.7891 -39.2775 39.5179
-40.6792 40.8866 -39.517 39.4434
-40.7434 40.9817 -39.7747 39.3916
-40.8061 41.0745 -40.0476 39.3644
-40.8677 41.1646 -40.332 39.3632
-40.9284 41.252 -40.6245 39.3891
-40.9887 41.3366 -40.9216 39.4427
-41.0489 41.4185 -41.2197 39.5241
-41.1094 41.4976 -41.5154 39.633
-41.1704 41.574 -41.8052 39.7687
-41.2323 41.6479 -42.0861 39.9301
-41.2954 41.7193 -42.3549 40.1159
-41.36 41.7885 -42.6088 40.3243
-41.4264 41.8556 -42.8453 40.5531
-41.4947 41.9209 -43.0619 40.8003
-41.5652 41.9846 -43.2567 41.0631
-41.6381 42.047 -43.4279 41.3388
-41.7135 42.1085 -43.574 41.6244
-41.7915 42.1692 -43.6939 41.9169
-41.8722 42.2296 -43.787 42.213
-41.9556 42.29 -43.8528 42.5094
-42.0418 42.3506 -43.8914 42.8026
-42.1306 42.412 -43.9033 43.0893
-42.222 42.4743 -43.8892 43.3662
-42.3159 42.5379 -43.8505 43.6299
-42.412 42.6032 -43.7888 43.8773
-42.5103 42.6704 -43.7063 44.1054
-42.6104 42.7397 -43.6055 44.3116
-42.712 42.8116 -43.4892 44.4935
-42.8148 42.886 -43.3607 44.6489
-42.9186 42.9633 -43.2234 44.7764
-43.0228 43.0434 -43.0813 44.8747
-43.1271 43.1266 -42.9381 44.9433
-43.2311 43.2127 -42.7981 44.9821
-43.3344 43.3017 -42.6651 44.9917
-43.4366 43.3936 -42.5432 44.9733
-43.5373 43.4881 -42.4362 44.9284
-43.6361 43.585 -42.3477 44.8593
-43.7328 43.684 -42.2807 44.7688
-43.8271 43.7849 -42.238 44.6602
-43.9187 43.8872 -42.2219 44.5368
-44.0075 43.9906 -42.234 44.4026
-44.0934 44.0947 -42.2754 44.2616
-44.1762 44.1991 -42.3466 44.1177
-44.2561 44.3034 -42.4476 43.9751
-44.3331 44.4071 -42.5777 43.8378
-44.4073 44.51 -42.7357 43.7095
-44.4789 44.6115 -42.9199 43.5936
-44.5481 44.7115 -43.1283 43.4935
-44.6151 44.8097 -43.3583 43.412
-44.6802 44.9058 -43.6073 43.3514
-44.7437 44.9995 -43.8723 43.3138
-44.8059 45.0908 -44.15 43.3009
-44.8672 45.1795 -44.4372 43.3137
-44.9278 45.2656 -44.7305 43.3531
-44.9882 45.349 -45.0267 43.4194
-45.0487 45.4297 -45.3224 43.5125
-45.1095 45.5077 -45.6144 43.6319
-45.171 45.5832 -45.8995 43.777
-45.2334 45.6563 -46.1748 43.9464
-45.2972 45.727 -46.4374 44.1389
-45.3624 45.7956 -46.6849 44.3526
-45.4294 45.8623 -46.9148 44.5855
-45.4984 45.9274 -47.1249 44.8355
-45.5696 45.9909 -47.3135 45.0999
-45.643 46.0533 -47.4788 45.3763
-45.7189 46.1147 -47.6197 45.6617
-45.7974 46.1756 -47.7352 45.9532
-45.8784 46.2361 -47.8246 46.2477
-45.9621 46.2967 -47.8876 46.5421
-46.0485 46.3576 -47.9243 46.8331
-46.1374 46.4191 -47.9352 47.1177
-46.2288 46.4816 -47.921 47.3925
-46.3226 46.5454 -47.883 47.6546
-46.4186 46.6108 -47.8227 47.9008
-46.5167 46.678 -47.7423 48.1286
-46.6165 46.7474 -47.6439 48.3351
-46.7179 46.8191 -47.5303 48.5183
-46.8204 46.8933 -47.4046 48.6761
-46.9239 46.9702 -47.27 48.8069
-47.0279 47.0499 -47.1301 48.9096
-47.132 47.1325 -46.9886 48.9837
-47.236 47.218 -46.8492 49.0288
-47.3393 47.3064 -46.716 49.0454
-47.4416 47.3974 -46.5925 49.0345
-47.5426 47.4911 -46.4826 48.9975
-47.6419 47.5873 -46.3895 48.9365
-47.7392 47.6855 -46.3165 48.8538
-47.8343 47.7857 -46.2662 48.7524
-47.9268 47.8874 -46.241 48.6355
-48.0167 47.9902 -46.2425 48.5066
-48.1037 48.0939 -46.2721 48.3696
-48.1879 48.1981 -46.3305 48.2282
-48.2691 48.3023 -46.4178 48.0862
-48.3475 48.4061 -46.5337 47.9476
-48.4232 48.5093 -46.6772 47.8159
-48.4962 48.6114 -46.8471 47.6946
-48.5668 48.7122 -47.0415 47.5869
-48.6351 48.8113 -47.2582 47.4956
-48.7014 48.9086 -47.495 47.4234
-48.766 49.0037 -47.7489 47.3723
-48.8292 49.0965 -48.0172 47.3441
-48.8912 49.1869 -48.2968 47.3402
-48.9524 49.2747 -48.5846 47.3616
-49.0132 49.36 -48.8773 47.4088
-49.0737 49.4427 -49.1719 47.482
-49.1344 49.5228 -49.4653 47.5811
-49.1955 49.6003 -49.7544 47.7056
-49.2573 49.6754 -50.0362 47.8547
-49.3201 49.7482 -50.3081 48.0272
-49.3842 49.8187 -50.5673 48.2217
-49.4497 49.8872 -50.8116 48.4366
-49.517 49.9539 -51.0386 48.6699
-49.5863 50.019 -51.2463 48.9194
-49.6576 50.0826 -51.433 49.1829
-49.7312 50.1451 -51.5973 49.4579
-49.8071 50.2067 -51.7379 49.7415
-49.8855 50.2678 -51.8539 50.0312
-49.9664 50.3285 -51.9446 50.3239
-50.0499 50.3892 -52.0098 50.6166
-50.1359 50.4503 -52.0495 50.9065
-50.2245 50.5119 -52.0641 51.1904
-50.3155 50.5744 -52.0544 51.4653
-50.4088 50.6381 -52.0213 51.7283
-50.5043 50.7032 -51.9664 51.9766
-50.6018 50.7702 -51.8914 52.2074
-50.7011 50.8391 -51.7985 52.4184
-50.8019 50.9102 -51.6902 52.6071
-50.904 50.9837 -51.5692 52.7718
-51.007 51.0598 -51.4387 52.9108
-51.1107 51.1386 -51.3018 53.0228
-51.2147 51.2202 -51.1621 53.1072
-51.3186 51.3046 -51.0232 53.1635
-51.422 51.3917 -50.8886 53.192
-51.5247 51.4816 -50.7621 53.1933
-51.6262 51.574 -50.6471 53.1687
-51.7262 51.6689 -50.547 53.1198
-51.8244 51.766 -50.4648 53.0486
-51.9206 51.8651 -50.4035 52.9578
-52.0144 51.9659 -50.3653 52.8503
-52.1057 52.068 -50.3522 52.7293
-52.1943 52.1711 -50.3657 52.5982
-52.2802 52.2748 -50.4067 52.4606
-52.3633 52.3789 -50.4758 52.3202
-52.4436 52.4828 -50.5729 52.1807
-52.5212 52.5864 -50.6974 52.0455
-52.5961 52.6891 -50.8484 51.9181
-52.6685 52.7907 -51.0245 51.8018
-52.7385 52.891 -51.2238 51.6994
-52.8065 52.9895 -51.4443 51.6135
-52.8725 53.0862 -51.6836 51.5466
-52.937 53.1808 -51.939 51.5006
-53.0001 53.2732 -52.2078 51.477
-53.0622 53.3632 -52.4871 51.4771
-53.1235 53.4507 -52.774 51.5018
-53.1844 53.5357 -53.0654 51.5516
-53.2451 53.6182 -53.3583 51.6266
-53.3059 53.6982 -53.6498 51.7267
-53.3672 53.7758 -53.9371 51.8513
-53.4292 53.8509 -54.2174 51.9998
-53.4921 53.9238 -54.488 52.1709
-53.5562 53.9946 -54.7466 52.3635
-53.6218 54.0633 -54.9907 52.5758
-53.6891 54.1303 -55.2182 52.8062
-53.7582 54.1956 -55.4273 53.0526
-53.8293 54.2596 -55.6164 53.3127
-53.9025 54.3225 -55.7838 53.5844
-53.9781 54.3844 -55.9285 53.865
-54.056 54.4457 -56.0494 54.1519
-54.1363 54.5067 -56.1461 54.4425
-54.2191 54.5675 -56.218 54.7338
-54.3044 54.6286 -56.2652 55.0232
-54.3921 54.6901 -56.288 55.3076
-54.4822 54.7525 -56.2868 55.5842
-54.5746 54.8159 -56.2626 55.8504
-54.6692 54.8806 -56.2167 56.1032
-54.7658 54.9469 -56.1507 56.3401
-54.8643 55.015 -56.0664 56.5586
-54.9643 55.0852 -55.966 56.7566
-55.0657 55.1577 -55.8521 56.9321
-55.1682 55.2326 -55.7274 57.0833
-55.2714 55.31 -55.5949 57.209
-55.3751 55.3901 -55.458 57.3081
-55.4789 55.4729 -55.3198 57.3802
-55.5825 55.5584 -55.1838 57.4251
-55.6855 55.6466 -55.0536 57.4431
-55.7877 55.7374 -54.9324 57.4353
-55.8885 55.8306 -54.8237 57.4027
-55.9879 55.9262 -54.7304 57.3472
-56.0853 56.0238 -54.6556 57.2708
-56.1807 56.1233 -54.6016 57.1762
-56.2738 56.2243 -54.5706 57.0663
-56.3645 56.3265 -54.5644 56.944
-56.4525 56.4296 -54.5843 56.8127
-56.5378 56.5333 -54.6311 56.6759
-56.6204 56.6372 -54.7051 56.537
-56.7003 56.741 -54.8062 56.3995
-56.7775 56.8442 -54.9339 56.2667
-56.8522 56.9467 -55.0871 56.1419
-56.9245 57.0481 -55.2644 56.028
-56.9945 57.1481 -55.4643 55.9279
-57.0625 57.2465 -55.6845 55.8441
-57.1286 57.343 -55.9229 55.7786
-57.1932 57.4376 -56.1769 55.7334
-57.2565 57.5299 -56.4439 55.71
-57.3188 57.62 -56.7213 55.7095
-57.3803 57.7076 -57.0061 55.7328
-57.4413 57.7929 -57.2955 55.7804
-57.5022 57.8757 -57.5868 55.8524
-57.5632 57.956 -57.8771 55.9488
-57.6245 58.034 -58.1636 56.0692
-57.6865 58.1096 -58.4439 56.2127
-57.7494 58.1831 -58.7152 56.3785
-57.8134 58.2544 -58.9754 56.5653
-57.8787 58.3237 -59.2221 56.7718
-57.9456 58.3913 -59.4533 56.9961
-58.0142 58.4572 -59.6671 57.2366
-58.0847 58.5218 -59.8619 57.4912
-58.1573 58.5851 -60.0363 57.7576
-58.232 58.6475 -60.189 58.0337
-58.309 58.7092 -60.319 58.3168
-58.3883 58.7704 -60.4256 58.6046
-58.4701 58.8315 -60.5084 58.8943
-58.5542 58.8926 -60.5673 59.1833
-58.6407 58.954 -60.6022 59.4688
-58.7295 59.0161 -60.6136 59.7483
-58.8207 59.079 -60.6022 60.0189
-58.914 59.1431 -60.569 60.278
-59.0094 59.2086 -60.5154 60.5231
-59.1066 59.2757 -60.4429 60.7518
-59.2056 59.3447 -60.3535 60.9618
-59.306 59.4158 -60.2493 61.1512
-59.4076 59.4891 -60.1329 61.318
-59.5102 59.5648 -60.007 61.4609
-59.6135 59.643 -59.8745 61.5787
-59.7171 59.7239 -59.7384 61.6705
-59.8207 59.8073 -59.6021 61.7359
-59.924 59.8934 -59.4686 61.7751
-60.0268 59.9821 -59.3415 61.7883
-60.1285 60.0733 -59.2238 61.7765
-60.229 60.1668 -59.1186 61.7409
-60.328 60.2626 -59.0289 61.6834
-60.4252 60.3603 -58.9574 61.606
-60.5203 60.4598 -58.9065 61.5111
-60.6131 60.5608 -58.878 61.4014
-60.7035 60.6629 -58.8737 61.2801
-60.7914 60.7659 -58.8948 61.1501
-60.8767 60.8694 -58.942 61.0148
-60.9593 60.9732 -59.0156 60.8775
-61.0393 61.0768 -59.1156 60.7414
-61.1168 61.1799 -59.2415 60.6098
-61.1917 61.2823 -59.3922 60.4857
-61.2643 61.3837 -59.5664 60.372
-61.3346 61.4838 -59.7627 60.2714
-61.403 61.5823 -59.9791 60.1863
-61.4696 61.679 -60.2134 60.1187
-61.5346 61.7739 -60.4634 60.0704
-61.5982 61.8666 -60.7266 60.0431
-61.6609 61.9571 -61.0003 60.0378
-61.7227 62.0454 -61.2819 60.0554
-61.784 62.1313 -61.5688 60.0964
-61.8451 62.2148 -61.8582 60.1612
-61.9061 62.2959 -62.1475 60.2497
-61.9675 62.3747 -62.4341 60.3616
-62.0294 62.4513 -62.7154 60.4963
-62.092 62.5256 -62.989 60.6529
-62.1556 62.5979 -63.2527 60.8304
-62.2205 62.6681 -63.5042 61.0276
-62.2867 62.7366 -63.7415 61.2429
-62.3546 62.8034 -63.9628 61.4748
-62.4243 62.8688 -64.1665 61.7212
-62.4958 62.9329 -64.3509 61.9803
-62.5694 62.9959 -64.515 62.2499
-62.6451 63.0581 -64.6575 62.5278
-62.7231 63.1197 -64.7778 62.8116
-62.8034 63.181 -64.8752 63.0988
-62.886 63.2422 -64.9493 63.387
-62.9709 63.3035 -65.0002 63.6735
-63.0581 63.3653 -65.028 63.9559
-63.1476 63.4277 -65.0331 64.2315
-63.2393 63.4911 -65.0164 64.4978
-63.333 63.5557 -64.9788 64.7524
-63.4287 63.6216 -64.9217 64.9927
-63.5262 63.6892 -64.8467 65.2167
-63.6253 63.7587 -64.7556 65.4221
-63.7258 63.8302 -64.6506 65.6071
-63.8275 63.9039 -64.5341 65.77
-63.93 63.98 -64.4087 65.9095
-64.0332 64.0585 -64.2772 66.0244
-64.1366 64.1395 -64.1426 66.1141
-64.2401 64.2231 -64.0078 66.1782
-64.3433 64.3092 -63.8761 66.2167
-64.4459 64.3979 -63.7504 66.2301
-64.5475 64.489 -63.634 66.2191
-64.6479 64.5824 -63.5298 66.185
-64.7469 64.6779 -63.4404 66.1295
-64.844 64.7754 -63.3686 66.0545
-64.9392 64.8747 -63.3166 65.9623
-65.0323 64.9753 -63.2862 65.8555
-65.123 65.0772 -63.2792 65.737
-65.2112 65.1799 -63.2967 65.6096
-65.297 65.2833 -63.3394 65.4765
-65.3801 65.3868 -63.4079 65.3408
-65.4607 65.4903 -63.502 65.2057
-65.5388 65.5935 -63.6214 65.0742
-65.6144 65.696 -63.7652 64.9494
-65.6877 65.7975 -63.9323 64.8338
-65.7588 65.8979 -64.1212 64.7303
-65.8279 65.9968 -64.3303 64.641
-65.8951 66.0941 -64.5576 64.5682
-65.9608 66.1895 -64.8008 64.5135
-66.0251 66.283 -65.0578 64.4787
-66.0883 66.3744 -65.3261 64.4648
-66.1506 66.4636 -65.6032 64.4728
-66.2123 66.5506 -65.8865 64.5035
-66.2736 66.6352 -66.1735 64.5571
-66.3347 66.7175 -66.4616 64.6337
-66.3961 66.7976 -66.7484 64.7333
-66.4578 66.8754 -67.0314 64.8553
-66.5201 66.951 -67.3082 64.9991
-66.5832 67.0245 -67.5765 65.1638
-66.6475 67.0961 -67.8344 65.3484
-66.7129 67.1658 -68.0796 65.5515
-66.7798 67.2337 -68.3105 65.7716
-66.8484 67.3002 -68.5253 66.0072
-66.9187 67.3653 -68.7224 66.2564
-66.9908 67.4292 -68.9005 66.5173
-67.065 67.4921 -69.0586 66.7878
-67.1413 67.5543 -69.1955 67.0658
-67.2198 67.616 -69.3107 67.349
-67.3005 67.6774 -69.4035 67.6351
-67.3835 67.7387 -69.4738 67.9216
-67.4688 67.8003 -69.5215 68.2062
-67.5562 67.8623 -69.5468 68.4864
-67.6459 67.9249 -69.5502 68.7597
-67.7377 67.9885 -69.5324 69.0238
-67.8315 68.0533 -69.4944 69.2762
-67.9271 68.1194 -69.4375 69.5148
-68.0246 68.1872 -69.3633 69.7374
-68.1235 68.2567 -69.2735 69.942
-68.2239 68.3282 -69.1702 70.1267
-68.3253 68.4019 -69.0555 70.2901
-68.4277 68.4778 -68.9321 70.4308
-68.5307 68.5561 -68.8025 70.5476
-68.6339 68.6369 -68.6695 70.64
-68.7373 68.7201 -68.5361 70.7076
-68.8404 68.8059 -68.4052 70.7502
-68.9429 68.8941 -68.2797 70.7682
-69.0446 68.9847 -68.1626 70.7625
-69.1452 69.0775 -68.0568 70.734
-69.2444 69.1725 -67.9649 70.6842
-69.342 69.2694 -67.8895 70.615
-69.4376 69.3681 -67.8327 70.5285
-69.5313 69.4682 -67.7965 70.427
-69.6226 69.5696 -67.7825 70.3132
-69.7117 69.6719 -67.7921 70.1898
-69.7983 69.7749 -67.826 70.0599
-69.8824 69.8783 -67.8848 69.9263
-69.964 69.9817 -67.9687 69.792
-70.0432 70.0849 -68.0773 69.6601
-70.1199 70.1876 -68.21 69.5334
-70.1943 70.2894 -68.3659 69.4146
-70.2665 70.3903 -68.5438 69.3063
-70.3367 70.4898 -68.7421 69.2107
-70.405 70.5879 -68.9591 69.1301
-70.4716 70.6843 -69.1927 69.0663
-70.5368 70.7788 -69.441 69.0209
-70.6007 70.8714 -69.7016 68.9953
-70.6637 70.9619 -69.9722 68.9904
-70.7259 71.0502 -70.2505 69.0072
-70.7875 71.1363 -70.5339 69.046
-70.8489 71.2202 -70.82 69.1072
-70.9103 71.3018 -71.1065 69.1908
-70.9718 71.3812 -71.3909 69.2965
-71.0338 71.4585 -71.671 69.4239
-71.0964 71.5337 -71.9446 69.5723
-71.1599 71.6068 -72.2095 69.7408
-71.2245 71.6781 -72.4637 69.9283
-71.2904 71.7475 -72.7054 70.1335
-71.3576 71.8154 -72.9329 70.3551
-71.4265 71.8818 -73.1444 70.5914
-71.497 71.9468 -73.3387 70.8407
-71.5695 72.0108 -73.5144 71.1012
-71.6439 72.0738 -73.6705 71.3709
-71.7203 72.1361 -73.8061 71.6477
-71.7989 72.1979 -73.9205 71.9295
-71.8796 72.2595 -74.0132 72.2141
-71.9625 72.321 -74.084 72.4991
-72.0476 72.3827 -74.1328 72.7824
-72.1349 72.4448 -74.1598 73.0614
-72.2243 72.5075 -74.1655 73.3341
-72.3158 72.5711 -74.1506 73.5979
-72.4093 72.6358 -74.1159 73.8507
-72.5046 72.7019 -74.0627 74.0903
-72.6017 72.7694 -73.9923 74.3147
-72.7003 72.8387 -73.9065 74.5219
-72.8002 72.9099 -73.807 74.7102
-72.9013 72.9831 -73.6961 74.878
-73.0033 73.0585 -73.576 75.024
-73.106 73.1362 -73.4493 75.1471
-73.2091 73.2162 -73.3184 75.2466
-73.3123 73.2987 -73.1863 75.322
-73.4153 73.3836 -73.0556 75.3731
-73.518 73.4709 -72.9293 75.4001
-73.6199 73.5605 -72.8101 75.4037
-73.7208 73.6524 -72.7008 75.3847
-73.8205 73.7465 -72.604 75.3444
-73.9187 73.8425 -72.5221 75.2843
-74.0151 73.9403 -72.4575 75.2065
-74.1097 74.0396 -72.4122 75.1129
-74.2021 74.1403 -72.3877 75.0062
-74.2923 74.242 -72.3855 74.8887
-74.3802 74.3446 -72.4066 74.7633
-74.4657 74.4476 -72.4518 74.6328
-74.5488 74.5509 -72.5212 74.5
-74.6294 74.6541 -72.6149 74.3678
-74.7076 74.757 -72.7326 74.239
-74.7836 74.8593 -72.8734 74.1162
-74.8573 74.9607 -73.0363 74.002
-74.9289 75.061 -73.2202 73.8987
-74.9986 75.16 -73.4234 73.8086
-75.0665 75.2575 -73.6443 73.7336
-75.1328 75.3534 -73.8808 73.6753
-75.1978 75.4474 -74.131 73.6353
-75.2616 75.5394 -74.3927 73.6148
-75.3245 75.6294 -74.6637 73.6147
-75.3867 75.7173 -74.9416 73.6356
-75.4485 75.8031 -75.2241 73.6782
-75.51 75.8867 -75.5089 73.7425
-75.5715 75.9681 -75.7938 73.8285
-75.6332 76.0473 -76.0765 73.936
-75.6954 76.1244 -76.3548 74.0645
-75.7582 76.1996 -76.6267 74.2134
-75.8219 76.2727 -76.89 74.3818
-75.8866 76.344 -77.1429 74.5686
-75.9525 76.4136 -77.3836 74.7727
-76.0198 76.4816 -77.6105 74.9927
-76.0887 76.5482 -77.8221 75.2271
-76.1592 76.6135 -78.0169 75.4742
-76.2315 76.6777 -78.1938 75.7324
-76.3057 76.7409 -78.3518 75.9997
-76.3819 76.8035 -78.4899 76.2742
-76.4602 76.8655 -78.6075 76.554
-76.5405 76.9272 -78.7041 76.8367
-76.623 76.9889 -78.7794 77.1204
-76.7076 77.0506 -78.8333 77.4028
-76.7943 77.1127 -78.866 77.6817
-76.8831 77.1754 -78.8778 77.9549
-76.974 77.2389 -78.8694 78.2202
-77.0668 77.3034 -78.8414 78.4754
-77.1614 77.3691 -78.795 78.7184
-77.2578 77.4362 -78.7315 78.9473
-77.3557 77.5049 -78.6523 79.1602
-77.455 77.5754 -78.5591 79.3553
-77.5555 77.6478 -78.4539 79.531
-77.657 77.7223 -78.3388 79.6861
-77.7593 77.799 -78.2161 79.8193
-77.8621 77.8779 -78.0883 79.9298
-77.9651 77.9592 -77.9578 80.017
-78.0682 78.0428 -77.8275 80.0807
-78.1709 78.1288 -77.6998 80.1207
-78.2731 78.2171 -77.5777 80.1376
-78.3745 78.3077 -77.4637 80.132
-78.4749 78.4004 -77.3603 80.1048
-78.5739 78.4952 -77.2702 80.0575
-78.6714 78.5917 -77.1955 79.9916
-78.7671 78.69 -77.1382 79.9091
-78.8609 78.7897 -77.1003 79.8121
-78.9526 78.8906 -77.0832 79.703
-79.0421 78.9925 -77.0881 79.5843
-79.1293 79.095 -77.116 79.4586
-79.2142 79.198 -77.1673 79.3287
-79.2967 79.3012 -77.2423 79.1972
-79.3768 79.4042 -77.3409 79.0668
-79.4546 79.5069 -77.4627 78.9403
-79.5302 79.6089 -77.6069 78.8201
-79.6037 79.71 -77.7724 78.7087
-79.6751 79.8101 -77.9581 78.6082
-79.7447 79.9088 -78.1625 78.5207
-79.8125 80.0061 -78.3838 78.4481
-79.8789 80.1017 -78.6203 78.392
-79.9439 80.1955 -78.8699 78.3537
-80.0078 80.2875 -79.1306 78.3343
-80.0709 80.3774 -79.4003 78.3349
-80.1332 80.4653 -79.6768 78.3559
-80.1951 80.5511 -79.9578 78.398
-80.2568 80.6348 -80.2411 78.4612
-80.3184 80.7163 -80.5247 78.5455
-80.3803 80.7958 -80.8063 78.6508
-80.4425 80.8732 -81.0838 78.7765
-80.5054 80.9487 -81.3553 78.9222
-80.569 81.0222 -81.6188 79.0869
-80.6337 81.0939 -81.8725 79.2698
-80.6994 81.1639 -82.1146 79.4697
-80.7665 81.2324 -82.3437 79.6853
-80.8351 81.2994 -82.5581 79.9153
-80.9052 81.3651 -82.7566 80.1581
-80.9771 81.4297 -82.938 80.4121
-81.0508 81.4933 -83.1012 80.6756
-81.1264 81.5562 -83.2453 80.9466
-81.2039 81.6186 -83.3697 81.2234
-81.2835 81.6805 -83.4739 81.5039
-81.3652 81.7423 -83.5574 81.786
-81.4489 81.8041 -83.6201 82.0678
