2 100000
0 0 10 0.001
5.04996e-09 1.66649e-11 9.9995 0.100998
2.00993e-08 1.33327e-10 9.99799 0.200987
4.51466e-08 4.49974e-10 9.99549 0.300955
8.01892e-08 1.06657e-09 9.99198 0.400893
1.25224e-07 2.08306e-09 9.98748 0.500792
1.80246e-07 3.59933e-09 9.98198 0.60064
2.45249e-07 5.71523e-09 9.97548 0.700428
3.20229e-07 8.53056e-09 9.96798 0.800147
4.05175e-07 1.2145e-08 9.95948 0.899785
5.00082e-07 1.66582e-08 9.94999 0.999334
6.04938e-07 2.21698e-08 9.93951 1.09878
7.19734e-07 2.87791e-08 9.92803 1.19812
8.44457e-07 3.65855e-08 9.91555 1.29734
9.79096e-07 4.56882e-08 9.90209 1.39643
1.12364e-06 5.61863e-08 9.88764 1.49538
1.27806e-06 6.81788e-08 9.87219 1.59418
1.44237e-06 8.17644e-08 9.85576 1.69282
1.61652e-06 9.70418e-08 9.83835 1.7913
1.80052e-06 1.14109e-07 9.81995 1.88959
1.99433e-06 1.33066e-07 9.80057 1.98769
2.19794e-06 1.54008e-07 9.78021 2.0856
2.41134e-06 1.77036e-07 9.75887 2.1833
2.63449e-06 2.02245e-07 9.73655 2.28078
2.86738e-06 2.29735e-07 9.71326 2.37803
3.10998e-06 2.59601e-07 9.689 2.47504
3.36227e-06 2.91941e-07 9.66377 2.57181
3.62423e-06 3.26852e-07 9.63758 2.66831
3.89582e-06 3.6443e-07 9.61042 2.76456
4.17702e-06 4.04772e-07 9.5823 2.86052
4.46781e-06 4.47973e-07 9.55322 2.9562
4.76814e-06 4.94129e-07 9.52319 3.05159
5.078e-06 5.43335e-07 9.4922 3.14667
5.39736e-06 5.95687e-07 9.46026 3.24143
5.72617e-06 6.5128e-07 9.42738 3.33587
6.06441e-06 7.10207e-07 9.39356 3.42998
6.41204e-06 7.72563e-07 9.3588 3.52374
6.76903e-06 8.38441e-07 9.3231 3.61716
7.13535e-06 9.07936e-07 9.28647 3.71021
7.51095e-06 9.81139e-07 9.24891 3.80289
7.8958e-06 1.05814e-06 9.21042 3.89519
8.28986e-06 1.13904e-06 9.17101 3.9871
8.69309e-06 1.22393e-06 9.13069 4.07861
9.10545e-06 1.31289e-06 9.08946 4.16971
9.52689e-06 1.40602e-06 9.04731 4.2604
9.95739e-06 1.50341e-06 9.00426 4.35066
1.03969e-05 1.60515e-06 8.96031 4.44048
1.08454e-05 1.71133e-06 8.91546 4.52987
1.13027e-05 1.82204e-06 8.86973 4.6188
1.1769e-05 1.93736e-06 8.8231 4.70726
1.2244e-05 2.05739e-06 8.7756 4.79526
1.27279e-05 2.18222e-06 8.72721 4.88278
1.32205e-05 2.31192e-06 8.67795 4.96981
1.37217e-05 2.4466e-06 8.62783 5.05634
1.42316e-05 2.58633e-06 8.57684 5.14237
1.475e-05 2.7312e-06 8.525 5.22788
1.5277e-05 2.8813e-06 8.4723 5.31287
1.58125e-05 3.03671e-06 8.41875 5.39733
1.63563e-05 3.19751e-06 8.36437 5.48125
1.69086e-05 3.3638e-06 8.30914 5.56462
1.74691e-05 3.53564e-06 8.25309 5.64744
1.80379e-05 3.71314e-06 8.19621 5.72969
1.86149e-05 3.89636e-06 8.13851 5.81136
1.92e-05 4.08539e-06 8.08 5.89246
1.97932e-05 4.28031e-06 8.02068 5.97297
2.03944e-05 4.48121e-06 7.96056 6.05288
2.10036e-05 4.68815e-06 7.89964 6.13218
2.16207e-05 4.90123e-06 7.83793 6.21088
2.22456e-05 5.12051e-06 7.77544 6.28895
2.28783e-05 5.34609e-06 7.71217 6.36639
2.35187e-05 5.57803e-06 7.64813 6.4432
2.41668e-05 5.8164e-06 7.58332 6.51936
2.48224e-05 6.0613e-06 7.51776 6.59487
2.54856e-05 6.31279e-06 7.45144 6.66972
2.61562e-05 6.57095e-06 7.38438 6.74391
2.68342e-05 6.83585e-06 7.31658 6.81741
2.75195e-05 7.10757e-06 7.24805 6.89024
2.82121e-05 7.38617e-06 7.17879 6.96238
2.89118e-05 7.67174e-06 7.10882 7.03383
2.96186e-05 7.96433e-06 7.03814 7.10457
3.03325e-05 8.26403e-06 6.96675 7.1746
3.10534e-05 8.57091e-06 6.89466 7.24391
3.17811e-05 8.88502e-06 6.82189 7.3125
3.25157e-05 9.20645e-06 6.74843 7.38036
3.3257e-05 9.53525e-06 6.6743 7.44747
3.4005e-05 9.8715e-06 6.5995 7.51385
3.47596e-05 1.02153e-05 6.52404 7.57947
3.55207e-05 1.05666e-05 6.44793 7.64434
3.62882e-05 1.09256e-05 6.37118 7.70844
3.70621e-05 1.12923e-05 6.29379 7.77177
3.78424e-05 1.16667e-05 6.21576 7.83433
3.86288e-05 1.2049e-05 6.13712 7.8961
3.94214e-05 1.24392e-05 6.05786 7.95708
4.022e-05 1.28373e-05 5.978 8.01727
4.10246e-05 1.32435e-05 5.89754 8.07665
4.18351e-05 1.36577e-05 5.81649 8.13523
4.26514e-05 1.40801e-05 5.73486 8.19299
4.34735e-05 1.45106e-05 5.65265 8.24994
4.43012e-05 1.49494e-05 5.56988 8.30606
4.51345e-05 1.53965e-05 5.48655 8.36135
4.59732e-05 1.5852e-05 5.40268 8.4158
4.68174e-05 1.63159e-05 5.31826 8.46941
4.76669e-05 1.67882e-05 5.23331 8.52218
4.85216e-05 1.72691e-05 5.14784 8.57409
4.93815e-05 1.77585e-05 5.06185 8.62515
5.02464e-05 1.82566e-05 4.97536 8.67534
5.11163e-05 1.87633e-05 4.88837 8.72467
5.19911e-05 1.92788e-05 4.80089 8.77312
5.28707e-05 1.9803e-05 4.71293 8.8207
5.3755e-05 2.0336e-05 4.6245 8.8674
5.46439e-05 2.08779e-05 4.53561 8.91321
5.55374e-05 2.14287e-05 4.44626 8.95813
5.64353e-05 2.19885e-05 4.35647 9.00215
5.73375e-05 2.25573e-05 4.26625 9.04527
5.82441e-05 2.31351e-05 4.17559 9.08749
5.91548e-05 2.3722e-05 4.08452 9.1288
6.00695e-05 2.4318e-05 3.99305 9.1692
6.09883e-05 2.49232e-05 3.90117 9.20868
6.1911e-05 2.55376e-05 3.8089 9.24724
6.28375e-05 2.61612e-05 3.71625 9.28488
6.37677e-05 2.67942e-05 3.62323 9.32158
6.47015e-05 2.74364e-05 3.52985 9.35736
6.56389e-05 2.8088e-05 3.43611 9.3922
6.65797e-05 2.8749e-05 3.34203 9.4261
6.75238e-05 2.94194e-05 3.24762 9.45906
6.84712e-05 3.00992e-05 3.15288 9.49108
6.94218e-05 3.07886e-05 3.05782 9.52214
7.03753e-05 3.14875e-05 2.96247 9.55225
7.13319e-05 3.21959e-05 2.86681 9.58141
7.22913e-05 3.29139e-05 2.77087 9.60961
7.32535e-05 3.36415e-05 2.67465 9.63685
7.42184e-05 3.43787e-05 2.57816 9.66313
7.51858e-05 3.51256e-05 2.48142 9.68844
7.61558e-05 3.58822e-05 2.38442 9.71278
7.71281e-05 3.66485e-05 2.28719 9.73615
7.81027e-05 3.74245e-05 2.18973 9.75855
7.90795e-05 3.82103e-05 2.09205 9.77997
8.00584e-05 3.90058e-05 1.99416 9.80042
8.10392e-05 3.98112e-05 1.89608 9.81988
8.2022e-05 4.06263e-05 1.7978 9.83837
8.30066e-05 4.14513e-05 1.69934 9.85587
8.39929e-05 4.22862e-05 1.60071 9.87238
8.49807e-05 4.31309e-05 1.50193 9.88791
8.59701e-05 4.39855e-05 1.40299 9.90245
8.69609e-05 4.485e-05 1.30391 9.916
8.7953e-05 4.57244e-05 1.2047 9.92856
8.89463e-05 4.66088e-05 1.10537 9.94012
8.99407e-05 4.7503e-05 1.00593 9.9507
9.09361e-05 4.84072e-05 0.906395 9.96028
9.19324e-05 4.93214e-05 0.806764 9.96886
9.29295e-05 5.02456e-05 0.707053 9.97644
9.39273e-05 5.11797e-05 0.60727 9.98303
9.49257e-05 5.21238e-05 0.507427 9.98862
9.59247e-05 5.30778e-05 0.407534 9.99322
9.6924e-05 5.40419e-05 0.307599 9.99681
9.79237e-05 5.5016e-05 0.207634 9.9994
9.89235e-05 5.6e-05 0.107647 10.001
9.99235e-05 5.69941e-05 0.00765008 10.0016
0.000100923 5.79981e-05 -0.0923479 10.0012
0.000101923 5.90121e-05 -0.192337 9.99979
0.000102923 6.00362e-05 -0.292307 9.99738
0.000103922 6.10702e-05 -0.392247 9.99398
0.000104921 6.21142e-05 -0.492149 9.98958
0.00010592 6.31682e-05 -0.592001 9.98418
0.000106918 6.42322e-05 -0.691794 9.97778
0.000107915 6.53062e-05 -0.791519 9.97038
0.000108912 6.63901e-05 -0.891164 9.96199
0.000109907 6.74839e-05 -0.99072 9.95261
0.000110902 6.85878e-05 -1.09018 9.94222
0.000111895 6.97015e-05 -1.18953 9.93085
0.000112888 7.08252e-05 -1.28876 9.91848
0.000113879 7.19588e-05 -1.38786 9.90512
0.000114868 7.31023e-05 -1.48682 9.89077
0.000115856 7.42557e-05 -1.58563 9.87543
0.000116843 7.54189e-05 -1.68429 9.85911
0.000117828 7.65921e-05 -1.78278 9.84179
0.000118811 7.7775e-05 -1.88108 9.8235
0.000119792 7.89678e-05 -1.97921 9.80422
0.000120771 8.01703e-05 -2.07713 9.78397
0.000121748 8.13827e-05 -2.17484 9.76273
0.000122723 8.26047e-05 -2.27234 9.74053
0.000123696 8.38366e-05 -2.36962 9.71734
0.000124667 8.50781e-05 -2.46665 9.69319
0.000125634 8.63293e-05 -2.56344 9.66807
0.0001266 8.75902e-05 -2.65997 9.64198
0.000127562 8.88608e-05 -2.75624 9.61492
0.000128522 9.01409e-05 -2.85223 9.58691
0.000129479 9.14306e-05 -2.94794 9.55794
0.000130433 9.27299e-05 -3.04335 9.52801
0.000131385 9.40387e-05 -3.13846 9.49713
0.000132332 9.53569e-05 -3.23325 9.46531
0.000133277 9.66847e-05 -3.32772 9.43253
0.000134219 9.80218e-05 -3.42186 9.39882
0.000135157 9.93684e-05 -3.51566 9.36416
0.000136091 0.000100724 -3.6091 9.32857
0.000137022 0.00010209 -3.70219 9.29204
0.000137949 0.000103464 -3.7949 9.25459
0.000138872 0.000104848 -3.88724 9.21621
0.000139792 0.000106241 -3.97919 9.17692
0.000140707 0.000107643 -4.07074 9.1367
0.000141619 0.000109054 -4.16188 9.09557
0.000142526 0.000110475 -4.25261 9.05354
0.000143429 0.000111904 -4.34291 9.01059
0.000144328 0.000113342 -4.43278 8.96675
0.000145222 0.00011479 -4.52221 8.92201
0.000146112 0.000116246 -4.61118 8.87638
0.000146997 0.000117711 -4.69969 8.82987
0.000147877 0.000119185 -4.78774 8.78247
0.000148753 0.000120668 -4.8753 8.73419
0.000149624 0.00012216 -4.96238 8.68504
0.00015049 0.00012366 -5.04896 8.63503
0.00015135 0.000125169 -5.13504 8.58415
0.000152206 0.000126686 -5.22061 8.53241
0.000153057 0.000128212 -5.30565 8.47982
0.000153902 0.000129746 -5.39017 8.42638
0.000154741 0.000131289 -5.47414 8.3721
0.000155576 0.00013284 -5.55757 8.31698
0.000156404 0.0001344 -5.64044 8.26104
0.000157228 0.000135967 -5.72275 8.20426
0.000158045 0.000137543 -5.80449 8.14667
0.000158857 0.000139127 -5.88565 8.08827
0.000159662 0.000140719 -5.96622 8.02905
0.000160462 0.00014232 -6.0462 7.96904
0.000161256 0.000143928 -6.12557 7.90822
0.000162043 0.000145544 -6.20432 7.84662
0.000162825 0.000147168 -6.28246 7.78423
0.0001636 0.000148799 -6.35997 7.72107
0.000164369 0.000150439 -6.43685 7.65713
0.000165131 0.000152086 -6.51308 7.59243
0.000165887 0.00015374 -6.58867 7.52697
0.000166636 0.000155402 -6.66359 7.46076
0.000167378 0.000157072 -6.73785 7.3938
0.000168114 0.000158749 -6.81143 7.32611
0.000168843 0.000160433 -6.88434 7.25768
0.000169566 0.000162125 -6.95656 7.18853
0.000170281 0.000163823 -7.02808 7.11866
0.000170989 0.000165529 -7.0989 7.04808
0.00017169 0.000167242 -7.16901 6.97679
0.000172384 0.000168962 -7.23841 6.90481
0.000173071 0.000170689 -7.30708 6.83213
0.00017375 0.000172422 -7.37502 6.75878
0.000174422 0.000174163 -7.44223 6.68475
0.000175087 0.000175909 -7.50869 6.61005
0.000175744 0.000177663 -7.5744 6.53469
0.000176394 0.000179423 -7.63936 6.45868
0.000177035 0.00018119 -7.70355 6.38202
0.00017767 0.000182963 -7.76697 6.30473
0.000178296 0.000184742 -7.82962 6.22681
0.000178915 0.000186527 -7.89149 6.14826
0.000179526 0.000188319 -7.95256 6.0691
0.000180128 0.000190117 -8.01285 5.98933
0.000180723 0.00019192 -8.07233 5.90897
0.00018131 0.00019373 -8.13101 5.82801
0.000181889 0.000195545 -8.18887 5.74648
0.000182459 0.000197366 -8.24592 5.66437
0.000183021 0.000199193 -8.30214 5.58169
0.000183575 0.000201025 -8.35753 5.49845
0.000184121 0.000202863 -8.41209 5.41467
0.000184658 0.000204707 -8.46581 5.33035
0.000185187 0.000206555 -8.51869 5.24549
0.000185707 0.000208409 -8.57071 5.16011
0.000186219 0.000210268 -8.62188 5.07421
0.000186722 0.000212132 -8.67218 4.98781
0.000187216 0.000214001 -8.72162 4.90091
0.000187702 0.000215875 -8.77019 4.81352
0.000188179 0.000217754 -8.81788 4.72564
0.000188647 0.000219637 -8.8647 4.6373
0.000189106 0.000221525 -8.91062 4.54849
0.000189557 0.000223418 -8.95566 4.45923
0.000189998 0.000225315 -8.9998 4.36953
0.00019043 0.000227216 -9.04305 4.27938
0.000190854 0.000229122 -9.08539 4.18881
0.000191268 0.000231032 -9.12682 4.09782
0.000191673 0.000232946 -9.16735 4.00643
0.00019207 0.000234864 -9.20695 3.91463
0.000192456 0.000236786 -9.24564 3.82244
0.000192834 0.000238711 -9.28341 3.72987
0.000193202 0.000240641 -9.32024 3.63692
0.000193562 0.000242574 -9.35615 3.54362
0.000193911 0.00024451 -9.39112 3.44996
0.000194252 0.00024645 -9.42516 3.35595
0.000194583 0.000248394 -9.45825 3.26161
0.000194904 0.000250341 -9.4904 3.16695
0.000195216 0.00025229 -9.52161 3.07196
0.000195519 0.000254243 -9.55186 2.97667
0.000195812 0.000256199 -9.58115 2.88109
0.000196095 0.000258158 -9.60949 2.78521
0.000196369 0.000260119 -9.63688 2.68906
0.000196633 0.000262084 -9.6633 2.59264
0.000196887 0.00026405 -9.68875 2.49596
0.000197132 0.00026602 -9.71324 2.39903
0.000197368 0.000267991 -9.73675 2.30186
0.000197593 0.000269965 -9.7593 2.20446
0.000197809 0.000271942 -9.78087 2.10685
0.000198015 0.00027392 -9.80146 2.00902
0.000198211 0.0002759 -9.82108 1.91099
0.000198397 0.000277882 -9.83971 1.81277
0.000198574 0.000279866 -9.85737 1.71436
0.00019874 0.000281852 -9.87404 1.61579
0.000198897 0.000283839 -9.88972 1.51706
0.000199044 0.000285828 -9.90442 1.41817
0.000199181 0.000287819 -9.91812 1.31914
0.000199308 0.00028981 -9.93084 1.21998
0.000199426 0.000291803 -9.94256 1.1207
0.000199533 0.000293797 -9.9533 1.02131
0.00019963 0.000295792 -9.96304 0.921815
0.000199718 0.000297788 -9.97178 0.822228
0.000199795 0.000299784 -9.97953 0.722559
0.000199863 0.000301782 -9.98628 0.622817
0.00019992 0.00030378 -9.99204 0.523014
0.000199968 0.000305778 -9.9968 0.423158
0.000200006 0.000307777 -10.0006 0.323259
0.000200033 0.000309777 -10.0033 0.223329
0.000200051 0.000311776 -10.0051 0.123376
0.000200058 0.000313776 -10.0058 0.0234101
0.000200056 0.000315776 -10.0056 -0.0765577
0.000200044 0.000317775 -10.0044 -0.176518
0.000200022 0.000319775 -10.0022 -0.276461
0.000199989 0.000321774 -9.99892 -0.376376
0.000199947 0.000323773 -9.99469 -0.476254
0.000199895 0.000325771 -9.98947 -0.576084
0.000199832 0.000327769 -9.98325 -0.675857
0.00019976 0.000329766 -9.97603 -0.775562
0.000199678 0.000331762 -9.96781 -0.87519
0.000199586 0.000333757 -9.95861 -0.974731
0.000199484 0.000335752 -9.9484 -1.07417
0.000199372 0.000337745 -9.93721 -1.17351
0.00019925 0.000339737 -9.92502 -1.27273
0.000199118 0.000341728 -9.91184 -1.37182
0.000198977 0.000343718 -9.89767 -1.47078
0.000198825 0.000345706 -9.88252 -1.56959
0.000198664 0.000347692 -9.86637 -1.66824
0.000198492 0.000349677 -9.84925 -1.76673
0.000198311 0.00035166 -9.83114 -1.86503
0.00019812 0.000353642 -9.81205 -1.96316
0.00019792 0.000355621 -9.79198 -2.06109
0.000197709 0.000357598 -9.77093 -2.15881
0.000197489 0.000359573 -9.74891 -2.25631
0.000197259 0.000361546 -9.72591 -2.3536
0.000197019 0.000363516 -9.70195 -2.45064
0.00019677 0.000365484 -9.67701 -2.54745
0.000196511 0.00036745 -9.65111 -2.64399
0.000196243 0.000369413 -9.62425 -2.74028
0.000195964 0.000371373 -9.59643 -2.83629
0.000195676 0.00037333 -9.56765 -2.93202
0.000195379 0.000375285 -9.53791 -3.02745
0.000195072 0.000377236 -9.50722 -3.12259
0.000194756 0.000379184 -9.47559 -3.21741
0.00019443 0.000381129 -9.443 -3.31191
0.000194095 0.000383071 -9.40948 -3.40608
0.00019375 0.000385009 -9.37502 -3.49991
0.000193396 0.000386944 -9.33962 -3.59339
0.000193033 0.000388875 -9.30329 -3.68651
0.00019266 0.000390803 -9.26603 -3.77927
0.000192278 0.000392726 -9.22785 -3.87165
0.000191887 0.000394646 -9.18874 -3.96364
0.000191487 0.000396562 -9.14872 -4.05524
0.000191078 0.000398474 -9.10779 -4.14643
0.000190659 0.000400382 -9.06594 -4.23721
0.000190232 0.000402286 -9.0232 -4.32756
0.000189795 0.000404185 -8.97955 -4.41749
0.00018935 0.00040608 -8.93501 -4.50697
0.000188896 0.00040797 -8.88957 -4.596
0.000188432 0.000409856 -8.84325 -4.68458
0.00018796 0.000411737 -8.79605 -4.77269
0.00018748 0.000413613 -8.74796 -4.86032
0.00018699 0.000415485 -8.69901 -4.94746
0.000186492 0.000417351 -8.64919 -5.03412
0.000185985 0.000419213 -8.5985 -5.12027
0.00018547 0.000421069 -8.54696 -5.20591
0.000184946 0.00042292 -8.49456 -5.29103
0.000184413 0.000424766 -8.44132 -5.37562
0.000183872 0.000426607 -8.38723 -5.45968
0.000183323 0.000428442 -8.33231 -5.54319
0.000182766 0.000430272 -8.27656 -5.62615
0.0001822 0.000432096 -8.21998 -5.70855
0.000181626 0.000433914 -8.16258 -5.79038
0.000181044 0.000435726 -8.10436 -5.87163
0.000180453 0.000437533 -8.04534 -5.9523
0.000179855 0.000439334 -7.98552 -6.03237
0.000179249 0.000441128 -7.92489 -6.11184
0.000178635 0.000442917 -7.86348 -6.1907
0.000178013 0.000444699 -7.80129 -6.26894
0.000177383 0.000446476 -7.73831 -6.34656
0.000176746 0.000448245 -7.67456 -6.42355
0.000176101 0.000450009 -7.61005 -6.49989
0.000175448 0.000451766 -7.54478 -6.57559
0.000174788 0.000453516 -7.47876 -6.65063
0.00017412 0.00045526 -7.41198 -6.725
0.000173445 0.000456997 -7.34448 -6.79871
0.000172762 0.000458727 -7.27623 -6.87174
0.000172073 0.000460451 -7.20727 -6.94408
0.000171376 0.000462167 -7.13758 -7.01573
0.000170672 0.000463877 -7.06718 -7.08668
0.000169961 0.000465579 -6.99608 -7.15693
0.000169243 0.000467275 -6.92427 -7.22646
0.000168518 0.000468963 -6.85178 -7.29526
0.000167786 0.000470643 -6.77861 -7.36335
0.000167048 0.000472317 -6.70475 -7.43069
0.000166302 0.000473983 -6.63023 -7.4973
0.000165551 0.000475642 -6.55505 -7.56316
0.000164792 0.000477293 -6.47921 -7.62826
0.000164027 0.000478936 -6.40273 -7.6926
0.000163256 0.000480572 -6.32561 -7.75618
0.000162479 0.0004822 -6.24786 -7.81898
0.000161695 0.00048382 -6.16948 -7.88101
0.000160905 0.000485432 -6.09049 -7.94224
0.000160109 0.000487037 -6.0109 -8.00269
0.000159307 0.000488633 -5.9307 -8.06234
0.000158499 0.000490222 -5.84991 -8.12118
0.000157685 0.000491802 -5.76854 -8.17921
0.000156866 0.000493374 -5.68659 -8.23643
0.000156041 0.000494938 -5.60408 -8.29283
0.00015521 0.000496494 -5.521 -8.34839
0.000154374 0.000498041 -5.43738 -8.40313
0.000153532 0.00049958 -5.35321 -8.45703
0.000152685 0.000501111 -5.26851 -8.51009
0.000151833 0.000502633 -5.18328 -8.56229
0.000150975 0.000504146 -5.09754 -8.61365
0.000150113 0.000505651 -5.01129 -8.66414
0.000149245 0.000507148 -4.92454 -8.71377
0.000148373 0.000508635 -4.8373 -8.76253
0.000147496 0.000510114 -4.74957 -8.81042
0.000146614 0.000511584 -4.66137 -8.85743
0.000145727 0.000513046 -4.57271 -8.90355
0.000144836 0.000514498 -4.48359 -8.94879
0.00014394 0.000515941 -4.39402 -8.99314
0.00014304 0.000517376 -4.30402 -9.03659
0.000142136 0.000518801 -4.21358 -9.07914
0.000141227 0.000520218 -4.12273 -9.12078
0.000140315 0.000521625 -4.03146 -9.16151
0.000139398 0.000523023 -3.9398 -9.20133
0.000138477 0.000524412 -3.84774 -9.24023
0.000137553 0.000525792 -3.75529 -9.27822
0.000136625 0.000527163 -3.66247 -9.31527
0.000135693 0.000528524 -3.56929 -9.3514
0.000134757 0.000529876 -3.47575 -9.38659
0.000133819 0.000531219 -3.38186 -9.42085
0.000132876 0.000532552 -3.28764 -9.45417
0.000131931 0.000533876 -3.19309 -9.48655
0.000130982 0.00053519 -3.09822 -9.51798
0.00013003 0.000536495 -3.00304 -9.54847
0.000129076 0.00053779 -2.90756 -9.578
0.000128118 0.000539076 -2.81179 -9.60657
0.000127157 0.000540352 -2.71574 -9.63419
0.000126194 0.000541618 -2.61942 -9.66085
0.000125228 0.000542875 -2.52284 -9.68654
0.00012426 0.000544123 -2.42601 -9.71127
0.000123289 0.00054536 -2.32893 -9.73503
0.000122316 0.000546588 -2.23163 -9.75782
0.000121341 0.000547806 -2.1341 -9.77964
0.000120364 0.000549015 -2.03635 -9.80048
0.000119384 0.000550213 -1.93841 -9.82035
0.000118403 0.000551402 -1.84027 -9.83923
0.000117419 0.000552581 -1.74195 -9.85714
0.000116435 0.000553751 -1.64345 -9.87406
0.000115448 0.00055491 -1.54479 -9.89
0.00011446 0.00055606 -1.44598 -9.90495
0.00011347 0.000557199 -1.34702 -9.91892
0.000112479 0.000558329 -1.24793 -9.93189
0.000111487 0.000559449 -1.14871 -9.94388
0.000110494 0.000560559 -1.04938 -9.95487
0.000109499 0.000561659 -0.949939 -9.96487
0.000108504 0.000562749 -0.850407 -9.97388
0.000107508 0.000563829 -0.750791 -9.9819
0.000106511 0.000564899 -0.651099 -9.98892
0.000105513 0.000565959 -0.551343 -9.99494
0.000104515 0.00056701 -0.451532 -9.99997
0.000103517 0.00056805 -0.351675 -10.004
0.000102518 0.00056908 -0.251783 -10.007
0.000101519 0.000570101 -0.151866 -10.0091
0.000100519 0.000571111 -0.0519341 -10.0101
9.952e-05 0.000572111 0.0480034 -10.0101
9.85206e-05 0.000573102 0.147936 -10.0092
9.75215e-05 0.000574082 0.247854 -10.0072
9.65225e-05 0.000575053 0.347748 -10.0043
9.55239e-05 0.000576013 0.447607 -10.0003
9.45258e-05 0.000576964 0.547422 -9.99539
9.35282e-05 0.000577904 0.647182 -9.98945
9.25312e-05 0.000578835 0.746877 -9.98251
9.1535e-05 0.000579756 0.846499 -9.97457
9.05396e-05 0.000580666 0.946036 -9.96565
8.95452e-05 0.000581567 1.04548 -9.95572
8.85518e-05 0.000582458 1.14482 -9.94481
8.75596e-05 0.000583339 1.24404 -9.93291
8.65686e-05 0.00058421 1.34314 -9.92001
8.55789e-05 0.000585071 1.44211 -9.90613
8.45907e-05 0.000585923 1.54093 -9.89126
8.3604e-05 0.000586764 1.6396 -9.8754
8.26189e-05 0.000587596 1.73811 -9.85856
8.16356e-05 0.000588417 1.83644 -9.84074
8.0654e-05 0.000589229 1.9346 -9.82193
7.96745e-05 0.000590031 2.03255 -9.80215
7.86969e-05 0.000590824 2.13031 -9.78139
7.77215e-05 0.000591607 2.22785 -9.75965
7.67483e-05 0.000592379 2.32517 -9.73694
7.57774e-05 0.000593143 2.42226 -9.71326
7.48089e-05 0.000593896 2.51911 -9.68862
7.38429e-05 0.00059464 2.61571 -9.663
7.28795e-05 0.000595374 2.71205 -9.63643
7.19189e-05 0.000596099 2.80811 -9.60889
7.0961e-05 0.000596814 2.9039 -9.5804
7.0006e-05 0.00059752 2.9994 -9.55095
6.9054e-05 0.000598215 3.0946 -9.52055
6.81051e-05 0.000598902 3.18949 -9.4892
6.71594e-05 0.000599579 3.28406 -9.45691
6.62169e-05 0.000600247 3.37831 -9.42367
6.52778e-05 0.000600905 3.47222 -9.38949
6.43422e-05 0.000601554 3.56578 -9.35438
6.34101e-05 0.000602193 3.65899 -9.31833
6.24817e-05 0.000602824 3.75183 -9.28136
6.1557e-05 0.000603445 3.8443 -9.24346
6.06361e-05 0.000604056 3.93639 -9.20464
5.97192e-05 0.000604659 4.02808 -9.1649
5.88063e-05 0.000605253 4.11937 -9.12425
5.78974e-05 0.000605837 4.21026 -9.08269
5.69928e-05 0.000606412 4.30072 -9.04023
5.60925e-05 0.000606979 4.39075 -8.99686
5.51965e-05 0.000607536 4.48035 -8.9526
5.4305e-05 0.000608084 4.5695 -8.90744
5.3418e-05 0.000608624 4.6582 -8.8614
5.25357e-05 0.000609155 4.74643 -8.81447
5.16581e-05 0.000609677 4.83419 -8.76667
5.07853e-05 0.00061019 4.92147 -8.71799
4.99175e-05 0.000610694 5.00825 -8.66844
4.90546e-05 0.00061119 5.09454 -8.61803
4.81968e-05 0.000611678 5.18032 -8.56676
4.73442e-05 0.000612156 5.26558 -8.51464
4.64968e-05 0.000612627 5.35032 -8.46167
4.56547e-05 0.000613088 5.43453 -8.40785
4.4818e-05 0.000613542 5.5182 -8.3532
4.39869e-05 0.000613987 5.60131 -8.29771
4.31613e-05 0.000614424 5.68387 -8.2414
4.23414e-05 0.000614853 5.76586 -8.18426
4.15272e-05 0.000615273 5.84728 -8.12631
4.07189e-05 0.000615686 5.92811 -8.06755
3.99165e-05 0.00061609 6.00835 -8.00799
3.912e-05 0.000616486 6.088 -7.94763
3.83297e-05 0.000616875 6.16703 -7.88647
3.75454e-05 0.000617255 6.24546 -7.82453
3.67674e-05 0.000617628 6.32326 -7.76181
3.59957e-05 0.000617993 6.40043 -7.69832
3.52303e-05 0.000618351 6.47697 -7.63406
3.44715e-05 0.0006187 6.55285 -7.56904
3.37191e-05 0.000619043 6.62809 -7.50326
3.29734e-05 0.000619377 6.70266 -7.43674
3.22343e-05 0.000619705 6.77657 -7.36948
3.1502e-05 0.000620025 6.8498 -7.30148
3.07765e-05 0.000620338 6.92235 -7.23275
3.00579e-05 0.000620643 6.99421 -7.1633
2.93462e-05 0.000620941 7.06538 -7.09314
2.86416e-05 0.000621233 7.13584 -7.02227
2.79441e-05 0.000621517 7.20559 -6.95071
2.72538e-05 0.000621794 7.27462 -6.87845
2.65708e-05 0.000622065 7.34292 -6.8055
2.5895e-05 0.000622329 7.4105 -6.73188
2.52267e-05 0.000622586 7.47733 -6.65758
2.45658e-05 0.000622836 7.54342 -6.58262
2.39124e-05 0.00062308 7.60876 -6.50701
2.32665e-05 0.000623317 7.67335 -6.43074
2.26284e-05 0.000623548 7.73716 -6.35384
2.19979e-05 0.000623773 7.80021 -6.2763
2.13752e-05 0.000623991 7.86248 -6.19814
2.07604e-05 0.000624204 7.92396 -6.11936
2.01534e-05 0.00062441 7.98466 -6.03997
1.95544e-05 0.00062461 8.04456 -5.95998
1.89634e-05 0.000624804 8.10366 -5.87939
1.83805e-05 0.000624992 8.16195 -5.79822
1.78057e-05 0.000625175 8.21943 -5.71647
1.72391e-05 0.000625352 8.27609 -5.63415
1.66807e-05 0.000625523 8.33193 -5.55127
1.61307e-05 0.000625688 8.38693 -5.46783
1.5589e-05 0.000625849 8.4411 -5.38386
1.50557e-05 0.000626003 8.49443 -5.29934
1.45309e-05 0.000626153 8.54691 -5.2143
1.40146e-05 0.000626297 8.59854 -5.12873
1.35068e-05 0.000626437 8.64932 -5.04266
1.30077e-05 0.000626571 8.69923 -4.95608
1.25172e-05 0.0006267 8.74828 -4.86901
1.20355e-05 0.000626825 8.79645 -4.78145
1.15625e-05 0.000626944 8.84375 -4.69342
1.10983e-05 0.000627059 8.89017 -4.60492
1.0643e-05 0.00062717 8.9357 -4.51596
1.01966e-05 0.000627275 8.98034 -4.42655
9.75915e-06 0.000627377 9.02409 -4.3367
9.33067e-06 0.000627474 9.06693 -4.24641
8.91123e-06 0.000627567 9.10888 -4.15571
8.50087e-06 0.000627656 9.14991 -4.06459
8.09962e-06 0.000627741 9.19004 -3.97306
7.70752e-06 0.000627821 9.22925 -3.88114
7.32462e-06 0.000627898 9.26754 -3.78883
6.95095e-06 0.000627971 9.3049 -3.69614
6.58656e-06 0.000628041 9.34134 -3.60309
6.23146e-06 0.000628107 9.37685 -3.50968
5.88572e-06 0.000628169 9.41143 -3.41591
5.54934e-06 0.000628228 9.44507 -3.32181
5.22238e-06 0.000628284 9.47776 -3.22737
4.90486e-06 0.000628336 9.50951 -3.13262
4.59681e-06 0.000628385 9.54032 -3.03755
4.29827e-06 0.000628432 9.57017 -2.94218
4.00926e-06 0.000628475 9.59907 -2.84651
3.72981e-06 0.000628516 9.62702 -2.75056
3.45996e-06 0.000628553 9.654 -2.65434
3.19972e-06 0.000628589 9.68003 -2.55785
2.94913e-06 0.000628621 9.70509 -2.46111
2.7082e-06 0.000628651 9.72918 -2.36412
2.47697e-06 0.000628679 9.7523 -2.2669
2.25545e-06 0.000628704 9.77445 -2.16945
2.04367e-06 0.000628728 9.79563 -2.07178
1.84165e-06 0.000628749 9.81583 -1.97391
1.64941e-06 0.000628768 9.83506 -1.87584
1.46697e-06 0.000628786 9.8533 -1.77758
1.29434e-06 0.000628801 9.87057 -1.67915
1.13155e-06 0.000628815 9.88684 -1.58055
9.78608e-07 0.000628828 9.90214 -1.48179
8.3553e-07 0.000628839 9.91645 -1.38288
7.02331e-07 0.000628848 9.92977 -1.28384
5.79024e-07 0.000628857 9.9421 -1.18466
4.65622e-07 0.000628864 9.95344 -1.08537
3.62136e-07 0.00062887 9.96379 -0.985975
2.68576e-07 0.000628875 9.97314 -0.886477
1.84951e-07 0.000628879 9.9815 -0.786891
1.11271e-07 0.000628882 9.98887 -0.687227
4.7542e-08 0.000628885 9.99525 -0.587494
-6.2294e-09 0.000628887 10.0006 -0.487702
-5.00379e-08 0.000628889 10.005 -0.387861
-8.3879e-08 0.00062889 10.0084 -0.287982
-1.07749e-07 0.000628891 10.0108 -0.188074
-1.21647e-07 0.000628891 10.0122 -0.0881466
-1.2557e-07 0.000628892 10.0126 0.0117894
-1.19518e-07 0.000628893 10.012 0.111724
-1.03492e-07 0.000628894 10.0103 0.211649
-7.7493e-08 0.000628894 10.0077 0.311552
-4.15242e-08 0.000628896 10.0042 0.411424
4.41102e-09 0.000628897 9.99956 0.511255
6.03081e-08 0.0006289 9.99397 0.611036
1.26161e-07 0.000628902 9.98738 0.710756
2.01965e-07 0.000628906 9.9798 0.810405
2.8771e-07 0.00062891 9.97123 0.909974
3.83389e-07 0.000628915 9.96166 1.00945
4.88992e-07 0.000628922 9.9511 1.10883
6.04508e-07 0.000628929 9.93955 1.2081
7.29927e-07 0.000628938 9.92701 1.30725
8.65235e-07 0.000628947 9.91348 1.40626
1.01042e-06 0.000628959 9.89896 1.50514
1.16546e-06 0.000628971 9.88345 1.60387
1.33036e-06 0.000628986 9.86696 1.70244
1.50508e-06 0.000629002 9.84949 1.80083
1.68961e-06 0.000629019 9.83104 1.89905
1.88394e-06 0.000629039 9.81161 1.99708
2.08804e-06 0.000629061 9.7912 2.09491
2.3019e-06 0.000629085 9.76981 2.19254
2.52549e-06 0.000629111 9.74745 2.28994
2.75879e-06 0.000629139 9.72412 2.38712
3.00178e-06 0.000629169 9.69982 2.48406
3.25443e-06 0.000629203 9.67456 2.58075
3.51671e-06 0.000629238 9.64833 2.67718
3.78862e-06 0.000629276 9.62114 2.77335
4.0701e-06 0.000629318 9.59299 2.86925
4.36114e-06 0.000629361 9.56389 2.96485
4.66171e-06 0.000629408 9.53383 3.06016
4.97178e-06 0.000629458 9.50282 3.15517
5.29131e-06 0.000629511 9.47087 3.24986
5.62028e-06 0.000629568 9.43797 3.34423
5.95865e-06 0.000629627 9.40413 3.43827
6.30639e-06 0.00062969 9.36936 3.53196
6.66347e-06 0.000629757 9.33365 3.6253
7.02984e-06 0.000629827 9.29702 3.71828
7.40547e-06 0.000629901 9.25945 3.81089
7.79033e-06 0.000629979 9.22097 3.90312
8.18438e-06 0.00063006 9.18156 3.99497
8.58757e-06 0.000630146 9.14124 4.08641
8.99987e-06 0.000630236 9.10001 4.17745
9.42123e-06 0.000630329 9.05788 4.26807
9.85162e-06 0.000630427 9.01484 4.35827
1.0291e-05 0.00063053 8.9709 4.44803
1.07393e-05 0.000630636 8.92607 4.53735
1.11965e-05 0.000630748 8.88035 4.62622
1.16625e-05 0.000630864 8.83375 4.71463
1.21374e-05 0.000630984 8.78626 4.80256
1.2621e-05 0.00063111 8.7379 4.89002
1.31133e-05 0.00063124 8.68867 4.97699
1.36142e-05 0.000631375 8.63858 5.06347
1.41238e-05 0.000631516 8.58762 5.14944
1.46419e-05 0.000631661 8.53581 5.2349
1.51685e-05 0.000631812 8.48315 5.31984
1.57036e-05 0.000631967 8.42964 5.40425
1.62471e-05 0.000632129 8.37529 5.48812
1.67989e-05 0.000632296 8.32011 5.57145
1.7359e-05 0.000632468 8.2641 5.65421
1.79273e-05 0.000632646 8.20727 5.73642
1.85038e-05 0.000632829 8.14962 5.81806
1.90885e-05 0.000633019 8.09115 5.89911
1.96811e-05 0.000633214 8.03189 5.97958
2.02818e-05 0.000633415 7.97182 6.05945
2.08905e-05 0.000633623 7.91095 6.13872
2.1507e-05 0.000633836 7.8493 6.21738
2.21313e-05 0.000634056 7.78687 6.29542
2.27634e-05 0.000634282 7.72366 6.37283
2.34032e-05 0.000634514 7.65968 6.4496
2.40506e-05 0.000634753 7.59494 6.52574
2.47056e-05 0.000634998 7.52944 6.60122
2.53681e-05 0.000635249 7.46319 6.67605
2.6038e-05 0.000635508 7.3962 6.75021
2.67153e-05 0.000635773 7.32847 6.8237
2.73999e-05 0.000636045 7.26001 6.89651
2.80917e-05 0.000636324 7.19083 6.96864
2.87907e-05 0.000636609 7.12093 7.04007
2.94967e-05 0.000636902 7.05033 7.11079
3.02098e-05 0.000637202 6.97902 7.18082
3.09299e-05 0.000637509 6.90701 7.25012
3.16568e-05 0.000637823 6.83432 7.3187
3.23905e-05 0.000638144 6.76095 7.38656
3.3131e-05 0.000638473 6.6869 7.45368
3.38782e-05 0.000638809 6.61218 7.52005
3.46319e-05 0.000639153 6.53681 7.58568
3.53921e-05 0.000639504 6.46079 7.65055
3.61588e-05 0.000639863 6.38412 7.71466
3.69318e-05 0.00064023 6.30682 7.778
3.77111e-05 0.000640604 6.22889 7.84057
3.84966e-05 0.000640986 6.15034 7.90236
3.92883e-05 0.000641376 6.07117 7.96336
4.0086e-05 0.000641774 5.9914 8.02356
4.08896e-05 0.00064218 5.91104 8.08297
4.16992e-05 0.000642594 5.83008 8.14157
4.25145e-05 0.000643016 5.74855 8.19936
4.33356e-05 0.000643447 5.66644 8.25634
4.41624e-05 0.000643885 5.58376 8.31249
4.49946e-05 0.000644332 5.50054 8.36782
4.58324e-05 0.000644787 5.41676 8.42231
4.66756e-05 0.00064525 5.33244 8.47596
4.75241e-05 0.000645722 5.24759 8.52877
4.83778e-05 0.000646203 5.16222 8.58073
4.92366e-05 0.000646692 5.07634 8.63183
5.01005e-05 0.000647189 4.98995 8.68208
5.09694e-05 0.000647695 4.90306 8.73146
5.18432e-05 0.00064821 4.81568 8.77997
5.27217e-05 0.000648734 4.72783 8.8276
5.3605e-05 0.000649266 4.6395 8.87436
5.44929e-05 0.000649808 4.55071 8.92023
5.53853e-05 0.000650358 4.46147 8.96522
5.62822e-05 0.000650917 4.37178 9.00931
5.71834e-05 0.000651485 4.28166 9.05251
5.80889e-05 0.000652062 4.19111 9.0948
5.89985e-05 0.000652648 4.10015 9.13619
5.99123e-05 0.000653243 4.00877 9.17667
6.083e-05 0.000653848 3.917 9.21623
6.17517e-05 0.000654461 3.82483 9.25488
6.26771e-05 0.000655084 3.73229 9.2926
6.36063e-05 0.000655716 3.63937 9.3294
6.45391e-05 0.000656357 3.54609 9.36527
6.54754e-05 0.000657008 3.45246 9.40021
6.64152e-05 0.000657668 3.35848 9.43421
6.73583e-05 0.000658337 3.26417 9.46727
6.83047e-05 0.000659016 3.16953 9.49939
6.92542e-05 0.000659704 3.07458 9.53057
7.02068e-05 0.000660402 2.97932 9.56079
7.11623e-05 0.000661109 2.88377 9.59006
7.21207e-05 0.000661826 2.78793 9.61838
7.3082e-05 0.000662553 2.6918 9.64574
7.40458e-05 0.000663289 2.59542 9.67214
7.50123e-05 0.000664034 2.49877 9.69757
7.59813e-05 0.00066479 2.40187 9.72204
7.69526e-05 0.000665555 2.30474 9.74555
7.79263e-05 0.000666329 2.20737 9.76808
7.89021e-05 0.000667114 2.10979 9.78964
7.98801e-05 0.000667908 2.01199 9.81022
8.086e-05 0.000668712 1.914 9.82983
8.18419e-05 0.000669525 1.81581 9.84845
8.28256e-05 0.000670349 1.71744 9.8661
8.3811e-05 0.000671182 1.6189 9.88277
8.4798e-05 0.000672026 1.5202 9.89845
8.57865e-05 0.000672879 1.42135 9.91314
8.67764e-05 0.000673741 1.32236 9.92685
8.77676e-05 0.000674614 1.22324 9.93957
8.87601e-05 0.000675497 1.12399 9.9513
8.97537e-05 0.00067639 1.02463 9.96204
9.07483e-05 0.000677292 0.925171 9.97179
9.17438e-05 0.000678205 0.825618 9.98054
9.27402e-05 0.000679127 0.725983 9.9883
9.37372e-05 0.000680059 0.626275 9.99507
9.47349e-05 0.000681002 0.526505 10.0008
9.57332e-05 0.000681954 0.426683 10.0056
9.67318e-05 0.000682916 0.326818 10.0094
9.77308e-05 0.000683888 0.22692 10.0122
9.873e-05 0.00068487 0.126999 10.014
9.97293e-05 0.000685863 0.0270663 10.0147
0.000100729 0.000686865 -0.0728696 10.0145
0.000101728 0.000687877 -0.172798 10.0133
0.000102727 0.000688899 -0.27271 10.0111
0.000103726 0.000689931 -0.372595 10.0079
0.000104724 0.000690973 -0.472442 10.0037
0.000105722 0.000692025 -0.572243 9.99853
0.00010672 0.000693087 -0.671986 9.99234
0.000107717 0.000694158 -0.771663 9.98516
0.000108713 0.00069524 -0.871264 9.97698
0.000109708 0.000696332 -0.970777 9.96781
0.000110702 0.000697434 -1.07019 9.95765
0.000111695 0.000698545 -1.1695 9.94649
0.000112687 0.000699667 -1.2687 9.93435
0.000113678 0.000700798 -1.36777 9.92121
0.000114667 0.000701939 -1.4667 9.90709
0.000115655 0.00070309 -1.56548 9.89198
0.000116641 0.000704251 -1.66411 9.87589
0.000117626 0.000705422 -1.76258 9.85881
0.000118609 0.000706602 -1.86087 9.84075
0.00011959 0.000707793 -1.95897 9.82172
0.000120569 0.000708993 -2.05688 9.8017
0.000121546 0.000710203 -2.15458 9.78071
0.000122521 0.000711423 -2.25207 9.75874
0.000123493 0.000712652 -2.34934 9.73581
0.000124464 0.000713891 -2.44637 9.7119
0.000125432 0.00071514 -2.54316 9.68703
0.000126397 0.000716398 -2.63969 9.66119
0.00012736 0.000717666 -2.73597 9.63439
0.00012832 0.000718944 -2.83197 9.60663
0.000129277 0.000720231 -2.92769 9.57792
0.000130231 0.000721528 -3.02311 9.54825
0.000131182 0.000722834 -3.11824 9.51763
0.000132131 0.000724149 -3.21305 9.48606
0.000133075 0.000725474 -3.30755 9.45355
0.000134017 0.000726809 -3.40172 9.4201
0.000134955 0.000728153 -3.49554 9.38571
0.00013589 0.000729506 -3.58902 9.35039
0.000136821 0.000730869 -3.68215 9.31413
0.000137749 0.000732241 -3.7749 9.27695
0.000138673 0.000733622 -3.86728 9.23884
0.000139593 0.000735012 -3.95928 9.19982
0.000140509 0.000736411 -4.05088 9.15988
0.000141421 0.00073782 -4.14208 9.11902
0.000142329 0.000739237 -4.23287 9.07726
0.000143232 0.000740664 -4.32323 9.0346
0.000144132 0.0007421 -4.41317 8.99103
0.000145027 0.000743544 -4.50266 8.94657
0.000145917 0.000744998 -4.59171 8.90123
0.000146803 0.00074646 -4.6803 8.85499
0.000147684 0.000747931 -4.76842 8.80787
0.000148561 0.000749411 -4.85607 8.75988
0.000149432 0.0007509 -4.94324 8.71101
0.000150299 0.000752397 -5.02991 8.66128
0.000151161 0.000753903 -5.11609 8.61069
0.000152018 0.000755418 -5.20175 8.55923
0.000152869 0.000756941 -5.2869 8.50693
0.000153715 0.000758472 -5.37152 8.45378
0.000154556 0.000760012 -5.45561 8.39979
0.000155391 0.00076156 -5.53915 8.34496
0.000156221 0.000763117 -5.62214 8.2893
0.000157046 0.000764682 -5.70457 8.23282
0.000157864 0.000766255 -5.78644 8.17551
0.000158677 0.000767836 -5.86773 8.1174
0.000159484 0.000769425 -5.94843 8.05847
0.000160285 0.000771023 -6.02854 7.99875
0.000161081 0.000772628 -6.10806 7.93822
0.00016187 0.000774241 -6.18696 7.87691
0.000162653 0.000775862 -6.26525 7.81481
0.000163429 0.000777491 -6.34292 7.75194
0.0001642 0.000779127 -6.41995 7.68829
0.000164963 0.000780771 -6.49635 7.62388
0.000165721 0.000782423 -6.5721 7.55871
0.000166472 0.000784082 -6.64719 7.49279
0.000167216 0.000785749 -6.72163 7.42612
0.000167954 0.000787423 -6.79539 7.35871
0.000168685 0.000789104 -6.86848 7.29057
0.000169409 0.000790793 -6.94088 7.22171
0.000170126 0.000792489 -7.0126 7.15212
0.000170836 0.000794192 -7.08361 7.08183
0.000171539 0.000795902 -7.15393 7.01083
0.000172235 0.000797619 -7.22352 6.93913
0.000172924 0.000799343 -7.29241 6.86674
0.000173606 0.000801073 -7.36056 6.79367
0.00017428 0.000802811 -7.42798 6.71992
0.000174947 0.000804555 -7.49467 6.6455
0.000175606 0.000806306 -7.5606 6.57042
0.000176258 0.000808063 -7.62579 6.49469
0.000176902 0.000809827 -7.69022 6.41831
0.000177539 0.000811597 -7.75388 6.3413
0.000178168 0.000813374 -7.81677 6.26365
0.000178789 0.000815156 -7.87888 6.18538
0.000179402 0.000816945 -7.94021 6.10649
0.000180007 0.00081874 -8.00075 6.027
0.000180605 0.000820541 -8.06049 5.9469
0.000181194 0.000822348 -8.11943 5.86622
0.000181776 0.000824161 -8.17756 5.78495
0.000182349 0.000825979 -8.23488 5.7031
0.000182914 0.000827803 -8.29138 5.62069
0.000183471 0.000829633 -8.34705 5.53772
0.000184019 0.000831468 -8.40189 5.45419
0.000184559 0.000833309 -8.4559 5.37013
0.000185091 0.000835155 -8.50907 5.28553
0.000185614 0.000837006 -8.56139 5.2004
0.000186129 0.000838862 -8.61285 5.11476
0.000186635 0.000840724 -8.66347 5.0286
0.000187132 0.00084259 -8.71321 4.94195
0.000187621 0.000844462 -8.7621 4.85481
0.000188101 0.000846338 -8.81011 4.76718
0.000188572 0.000848219 -8.85724 4.67908
0.000189035 0.000850105 -8.90349 4.59051
0.000189489 0.000851995 -8.94886 4.50149
0.000189933 0.00085389 -8.99334 4.41202
0.000190369 0.000855789 -9.03692 4.3221
0.000190796 0.000857692 -9.0796 4.23176
0.000191214 0.0008596 -9.12138 4.141
0.000191623 0.000861512 -9.16225 4.04983
0.000192022 0.000863427 -9.20221 3.95825
0.000192413 0.000865347 -9.24126 3.86628
0.000192794 0.000867271 -9.27938 3.77393
0.000193166 0.000869198 -9.31659 3.6812
0.000193529 0.000871129 -9.35286 3.5881
0.000193882 0.000873064 -9.38821 3.49465
0.000194226 0.000875002 -9.42262 3.40084
0.000194561 0.000876943 -9.45609 3.3067
0.000194886 0.000878888 -9.48863 3.21224
0.000195202 0.000880836 -9.52022 3.11745
0.000195509 0.000882787 -9.55086 3.02235
0.000195806 0.00088474 -9.58055 2.92695
0.000196093 0.000886697 -9.60929 2.83126
0.000196371 0.000888657 -9.63708 2.73529
0.000196639 0.00089062 -9.6639 2.63904
0.000196898 0.000892585 -9.68977 2.54254
0.000197147 0.000894552 -9.71467 2.44578
0.000197386 0.000896522 -9.7386 2.34878
0.000197616 0.000898495 -9.76156 2.25154
0.000197836 0.000900469 -9.78356 2.15408
0.000198046 0.000902446 -9.80458 2.05641
0.000198246 0.000904425 -9.82463 1.95853
0.000198437 0.000906405 -9.84369 1.86045
0.000198618 0.000908388 -9.86178 1.7622
0.000198789 0.000910372 -9.87889 1.66376
0.00019895 0.000912358 -9.89502 1.56516
0.000199102 0.000914346 -9.91016 1.46641
0.000199243 0.000916335 -9.92432 1.36751
0.000199375 0.000918325 -9.93749 1.26847
0.000199497 0.000920317 -9.94967 1.16931
0.000199609 0.00092231 -9.96086 1.07003
0.000199711 0.000924304 -9.97106 0.97064
0.000199803 0.000926298 -9.98027 0.871158
0.000199885 0.000928294 -9.98849 0.771588
0.000199957 0.000930291 -9.99571 0.671943
0.000200019 0.000932288 -10.0019 0.57223
0.000200072 0.000934285 -10.0072 0.47246
0.000200114 0.000936284 -10.0114 0.372644
0.000200147 0.000938282 -10.0147 0.27279
0.000200169 0.000940281 -10.0169 0.172909
0.000200182 0.00094228 -10.0182 0.0730115
0.000200184 0.000944279 -10.0184 -0.0268938
0.000200177 0.000946278 -10.0177 -0.126796
0.000200159 0.000948277 -10.0159 -0.226686
0.000200132 0.000950276 -10.0132 -0.326554
0.000200095 0.000952274 -10.0095 -0.426389
0.000200047 0.000954272 -10.0047 -0.526181
0.00019999 0.000956269 -9.99903 -0.625922
0.000199923 0.000958266 -9.99232 -0.7256
0.000199846 0.000960262 -9.98461 -0.825205
0.000199759 0.000962257 -9.97591 -0.924729
0.000199662 0.000964252 -9.96622 -1.02416
0.000199555 0.000966245 -9.95554 -1.12349
0.000199439 0.000968237 -9.94386 -1.22271
0.000199312 0.000970228 -9.9312 -1.32181
0.000199176 0.000972218 -9.91755 -1.42077
0.000199029 0.000974206 -9.90292 -1.5196
0.000198873 0.000976193 -9.8873 -1.61827
0.000198707 0.000978178 -9.8707 -1.71678
0.000198531 0.000980161 -9.85311 -1.81512
0.000198345 0.000982143 -9.83455 -1.91328
0.00019815 0.000984123 -9.81501 -2.01125
0.000197945 0.0009861 -9.79449 -2.10902
0.00019773 0.000988076 -9.773 -2.20659
0.000197505 0.000990049 -9.75054 -2.30393
0.000197271 0.00099202 -9.7271 -2.40104
0.000197027 0.000993989 -9.70271 -2.49791
0.000196773 0.000995955 -9.67734 -2.59454
0.00019651 0.000997919 -9.65102 -2.69091
0.000196237 0.00099988 -9.62373 -2.78701
0.000195955 0.00100184 -9.59549 -2.88283
0.000195663 0.00100379 -9.56629 -2.97837
0.000195361 0.00100575 -9.53614 -3.07361
0.00019505 0.0010077 -9.50505 -3.16854
0.00019473 0.00100964 -9.47301 -3.26316
0.0001944 0.00101158 -9.44003 -3.35746
0.000194061 0.00101352 -9.40611 -3.45142
0.000193713 0.00101546 -9.37125 -3.54504
0.000193355 0.00101739 -9.33546 -3.6383
0.000192987 0.00101932 -9.29875 -3.73121
0.000192611 0.00102125 -9.26111 -3.82374
0.000192225 0.00102317 -9.22255 -3.9159
0.000191831 0.00102509 -9.18307 -4.00766
0.000191427 0.001027 -9.14268 -4.09903
0.000191014 0.00102891 -9.10138 -4.18998
0.000190592 0.00103082 -9.05918 -4.28053
0.000190161 0.00103272 -9.01608 -4.37064
0.000189721 0.00103461 -8.97208 -4.46033
0.000189272 0.00103651 -8.92718 -4.54956
0.000188814 0.00103839 -8.88141 -4.63835
0.000188347 0.00104028 -8.83474 -4.72668
0.000187872 0.00104216 -8.7872 -4.81453
0.000187388 0.00104403 -8.73879 -4.90191
0.000186895 0.0010459 -8.68951 -4.9888
0.000186394 0.00104776 -8.63936 -5.07519
0.000185884 0.00104962 -8.58836 -5.16108
0.000185365 0.00105147 -8.5365 -5.24646
